0.267001 0.004950 0.329385
0.268607 0.010218 0.336107
0.270117 0.015856 0.342748
0.271532 0.021878 0.349303
0.272853 0.028295 0.355767
0.274079 0.035119 0.362138
0.275208 0.042306 0.368414
0.276241 0.049298 0.374590
0.277178 0.056041 0.380663
0.278017 0.062591 0.386630
0.278758 0.068985 0.392489
0.279402 0.075253 0.398236
0.279948 0.081417 0.403867
0.280396 0.087495 0.409381
0.280746 0.093501 0.414774
0.280997 0.099446 0.420044
0.281152 0.105338 0.425188
0.281209 0.111185 0.430203
0.281168 0.116992 0.435089
0.281032 0.122764 0.439841
0.280800 0.128504 0.444460
0.280474 0.134216 0.448942
0.280054 0.139901 0.453287
0.279543 0.145561 0.457493
0.278940 0.151198 0.461560
0.278249 0.156811 0.465488
0.277472 0.162402 0.469275
0.276610 0.167970 0.472922
0.275665 0.173515 0.476430
0.274640 0.179037 0.479798
0.273537 0.184536 0.483028
0.272360 0.190011 0.486121
0.271113 0.195460 0.489079
0.269796 0.200883 0.491902
0.268414 0.206281 0.494595
0.266970 0.211650 0.497158
0.265468 0.216992 0.499594
0.263910 0.222305 0.501906
0.262304 0.227587 0.504098
0.260650 0.232838 0.506172
0.258953 0.238058 0.508132
0.257216 0.243245 0.509981
0.255444 0.248400 0.511724
0.253640 0.253521 0.513363
0.251808 0.258609 0.514903
0.249953 0.263662 0.516348
0.248079 0.268679 0.517702
0.246190 0.273662 0.518970
0.244288 0.278610 0.520154
0.242378 0.283523 0.521260
0.240462 0.288400 0.522290
0.238545 0.293243 0.523250
0.236629 0.298051 0.524143
0.234718 0.302824 0.524973
0.232815 0.307564 0.525744
0.230922 0.312269 0.526459
0.229043 0.316942 0.527123
0.227179 0.321582 0.527738
0.225332 0.326190 0.528308
0.223506 0.330766 0.528836
0.221702 0.335312 0.529325
0.219921 0.339828 0.529779
0.218164 0.344314 0.530199
0.216434 0.348773 0.530590
0.214730 0.353205 0.530952
0.213054 0.357610 0.531289
0.211406 0.361989 0.531602
0.209786 0.366344 0.531894
0.208193 0.370676 0.532167
0.206629 0.374986 0.532422
0.205092 0.379274 0.532660
0.203581 0.383541 0.532884
0.202097 0.387790 0.533094
0.200636 0.392020 0.533291
0.199198 0.396233 0.533477
0.197782 0.400429 0.533652
0.196385 0.404611 0.533817
0.195006 0.408779 0.533972
0.193642 0.412933 0.534118
0.192291 0.417076 0.534254
0.190951 0.421208 0.534382
0.189619 0.425329 0.534500
0.188292 0.429442 0.534608
0.186967 0.433546 0.534707
0.185642 0.437643 0.534795
0.184315 0.441734 0.534874
0.182981 0.445819 0.534941
0.181638 0.449900 0.534996
0.180281 0.453976 0.535037
0.178909 0.458050 0.535064
0.177517 0.462122 0.535076
0.176103 0.466192 0.535071
0.174663 0.470262 0.535048
0.173195 0.474331 0.535005
0.171694 0.478401 0.534942
0.170161 0.482471 0.534856
0.168591 0.486543 0.534747
0.166980 0.490618 0.534612
0.165327 0.494694 0.534449
0.163628 0.498774 0.534257
0.161883 0.502857 0.534034
0.160088 0.506944 0.533777
0.158241 0.511035 0.533485
0.156343 0.515129 0.533157
0.154391 0.519228 0.532789
0.152384 0.523332 0.532380
0.150321 0.527440 0.531928
0.148202 0.531553 0.531431
0.146026 0.535671 0.530886
0.143796 0.539793 0.530291
0.141511 0.543920 0.529646
0.139173 0.548052 0.528946
0.136784 0.552188 0.528191
0.134347 0.556329 0.527378
0.131865 0.560474 0.526505
0.129344 0.564622 0.525571
0.126788 0.568774 0.524572
0.124203 0.572930 0.523508
0.121599 0.577088 0.522377
0.118982 0.581249 0.521175
0.116363 0.585412 0.519901
0.113755 0.589576 0.518554
0.111171 0.593742 0.517132
0.108628 0.597908 0.515632
0.106144 0.602075 0.514054
0.103738 0.606241 0.512396
0.101435 0.610406 0.510655
0.099258 0.614569 0.508831
0.097233 0.618730 0.506919
0.095393 0.622888 0.504920
0.093769 0.627042 0.502833
0.092397 0.631192 0.500656
0.091310 0.635336 0.498387
0.090545 0.639474 0.496026
0.090137 0.643605 0.493570
0.090118 0.647729 0.491018
0.090518 0.651843 0.488370
0.091364 0.655948 0.485624
0.092677 0.660043 0.482778
0.094471 0.664125 0.479829
0.096757 0.668196 0.476778
0.099538 0.672252 0.473625
0.102814 0.676294 0.470367
0.106575 0.680320 0.467004
0.110811 0.684328 0.463536
0.115506 0.688318 0.459961
0.120644 0.692289 0.456279
0.126205 0.696238 0.452488
0.132171 0.700165 0.448589
0.138523 0.704067 0.444580
0.145241 0.707944 0.440462
0.152309 0.711794 0.436235
0.159710 0.715615 0.431898
0.167430 0.719406 0.427452
0.175455 0.723163 0.422898
0.183775 0.726886 0.418236
0.192382 0.730573 0.413461
0.201267 0.734220 0.408580
0.210421 0.737825 0.403596
0.219840 0.741386 0.398512
0.229519 0.744900 0.393334
0.239455 0.748364 0.388066
0.249645 0.751774 0.382715
0.260105 0.755127 0.377267
0.270821 0.758419 0.371753
0.281792 0.761647 0.366188
0.293025 0.764804 0.360580
0.304541 0.767887 0.354927
0.316319 0.770889 0.349281
0.328376 0.773806 0.343654
0.340725 0.776630 0.338075
0.353346 0.779356 0.332607
0.366277 0.781974 0.327270
0.379484 0.784480 0.322161
0.392983 0.786866 0.317340
0.406758 0.789124 0.312906
0.420774 0.791252 0.308981
0.435009 0.793245 0.305687
0.449409 0.795105 0.303165
0.463889 0.796841 0.301570
0.478358 0.798463 0.301033
0.492709 0.799993 0.301663
0.506831 0.801454 0.303521
0.520613 0.802874 0.306614
0.533966 0.804283 0.310890
0.546841 0.805703 0.316258
0.559218 0.807151 0.322600
0.571053 0.808651 0.329770
0.582397 0.810201 0.337657
0.593249 0.811816 0.346126
0.603665 0.813489 0.355094
0.613637 0.815234 0.364435
0.623241 0.817037 0.374113
0.632502 0.818899 0.384062
0.641420 0.820827 0.394194
0.650047 0.822810 0.404496
0.658410 0.824847 0.414935
0.666530 0.826935 0.425482
0.674426 0.829072 0.436111
0.682117 0.831255 0.446804
0.689620 0.833483 0.457545
0.696950 0.835754 0.468320
0.704121 0.838065 0.479121
0.711146 0.840414 0.489940
0.718037 0.842800 0.500770
0.724805 0.845220 0.511609
0.731448 0.847679 0.522422
0.737981 0.850172 0.533220
0.744416 0.852695 0.544013
0.750762 0.855248 0.554801
0.757025 0.857828 0.565584
0.763195 0.860443 0.576308
0.769290 0.863087 0.587013
0.775320 0.865755 0.597710
0.781287 0.868448 0.608388
0.787178 0.871175 0.618994
0.793018 0.873924 0.629594
0.798811 0.876695 0.640186
0.804536 0.879500 0.650688
0.810221 0.882325 0.661184
0.815865 0.885171 0.671661
0.821455 0.888050 0.682055
0.827014 0.890946 0.692446
0.832532 0.893868 0.702785
0.838012 0.896816 0.713073
0.843467 0.899781 0.723359
0.848878 0.902779 0.733541
0.854268 0.905793 0.743723
0.859626 0.908835 0.753838
0.864959 0.911898 0.763914
0.870270 0.914983 0.773953
0.875553 0.918095 0.783921
0.880822 0.921224 0.793876
0.886062 0.924384 0.803734
0.891293 0.927559 0.813593
0.896496 0.930767 0.823341
0.901693 0.933989 0.833086
0.906867 0.937243 0.842730
0.912036 0.940513 0.852359
0.917185 0.943814 0.861887
0.922331 0.947131 0.871393
0.927461 0.950480 0.880796
0.932591 0.953845 0.890172
0.937708 0.957241 0.899434
0.942830 0.960654 0.908667
0.947942 0.964099 0.917771
0.953064 0.967560 0.926833
0.958186 0.971052 0.935759
0.963325 0.974561 0.944611
0.968479 0.978096 0.953315
0.973667 0.981650 0.961885
0.978899 0.985224 0.970258
0.984196 0.988817 0.978368
0.989567 0.992440 0.986100
0.994922 0.996145 0.993277
1.000000 1.000000 1.000000
