0.129412 0.400000 0.674510
0.133595 0.405536 0.677339
0.137778 0.411073 0.680169
0.141961 0.416609 0.682999
0.146144 0.422145 0.685829
0.150327 0.427682 0.688658
0.154510 0.433218 0.691488
0.158693 0.438754 0.694318
0.162876 0.444291 0.697147
0.167059 0.449827 0.699977
0.171242 0.455363 0.702807
0.175425 0.460900 0.705636
0.179608 0.466436 0.708466
0.183791 0.471972 0.711296
0.187974 0.477509 0.714125
0.192157 0.483045 0.716955
0.196340 0.488581 0.719785
0.200523 0.494118 0.722614
0.204706 0.499654 0.725444
0.208889 0.505190 0.728274
0.213072 0.510727 0.731103
0.217255 0.516263 0.733933
0.221438 0.521799 0.736763
0.225621 0.527336 0.739592
0.229804 0.532872 0.742422
0.233987 0.538408 0.745252
0.238170 0.543945 0.748082
0.242353 0.549481 0.750911
0.246536 0.555017 0.753741
0.250719 0.560554 0.756571
0.254902 0.566090 0.759400
0.259085 0.571626 0.762230
0.263960 0.577240 0.765121
0.273679 0.583391 0.768443
0.283399 0.589542 0.771765
0.293118 0.595694 0.775087
0.302837 0.601845 0.778408
0.312557 0.607997 0.781730
0.322276 0.614148 0.785052
0.331995 0.620300 0.788374
0.341715 0.626451 0.791696
0.351434 0.632603 0.795017
0.361153 0.638754 0.798339
0.370873 0.644906 0.801661
0.380592 0.651057 0.804983
0.390311 0.657209 0.808304
0.400031 0.663360 0.811626
0.409750 0.669512 0.814948
0.419469 0.675663 0.818270
0.429189 0.681815 0.821592
0.438908 0.687966 0.824913
0.448627 0.694118 0.828235
0.458347 0.700269 0.831557
0.468066 0.706421 0.834879
0.477785 0.712572 0.838201
0.487505 0.718724 0.841522
0.497224 0.724875 0.844844
0.506943 0.731027 0.848166
0.516663 0.737178 0.851488
0.526382 0.743329 0.854810
0.536101 0.749481 0.858131
0.545821 0.755632 0.861453
0.555540 0.761784 0.864775
0.565260 0.767935 0.868097
0.574487 0.773533 0.871142
0.582238 0.777470 0.873356
0.589988 0.781407 0.875571
0.597739 0.785344 0.877785
0.605490 0.789281 0.880000
0.613241 0.793218 0.882215
0.620992 0.797155 0.884429
0.628743 0.801092 0.886644
0.636494 0.805029 0.888858
0.644245 0.808966 0.891073
0.651995 0.812903 0.893287
0.659746 0.816840 0.895502
0.667497 0.820777 0.897716
0.675248 0.824714 0.899931
0.682999 0.828651 0.902145
0.690750 0.832587 0.904360
0.698501 0.836524 0.906574
0.706251 0.840461 0.908789
0.714002 0.844398 0.911003
0.721753 0.848335 0.913218
0.729504 0.852272 0.915433
0.737255 0.856209 0.917647
0.745006 0.860146 0.919862
0.752757 0.864083 0.922076
0.760507 0.868020 0.924291
0.768258 0.871957 0.926505
0.776009 0.875894 0.928720
0.783760 0.879831 0.930934
0.791511 0.883768 0.933149
0.799262 0.887705 0.935363
0.807013 0.891642 0.937578
0.814764 0.895579 0.939792
0.821361 0.898870 0.941499
0.826036 0.901084 0.942361
0.830711 0.903299 0.943222
0.835386 0.905513 0.944083
0.840062 0.907728 0.944944
0.844737 0.909942 0.945805
0.849412 0.912157 0.946667
0.854087 0.914371 0.947528
0.858762 0.916586 0.948389
0.863437 0.918800 0.949250
0.868112 0.921015 0.950111
0.872787 0.923230 0.950973
0.877463 0.925444 0.951834
0.882138 0.927659 0.952695
0.886813 0.929873 0.953556
0.891488 0.932088 0.954418
0.896163 0.934302 0.955279
0.900838 0.936517 0.956140
0.905513 0.938731 0.957001
0.910188 0.940946 0.957862
0.914864 0.943160 0.958724
0.919539 0.945375 0.959585
0.924214 0.947589 0.960446
0.928889 0.949804 0.961307
0.933564 0.952018 0.962168
0.938239 0.954233 0.963030
0.942914 0.956448 0.963891
0.947589 0.958662 0.964752
0.952265 0.960877 0.965613
0.956940 0.963091 0.966474
0.961615 0.965306 0.967336
0.966290 0.967520 0.968197
0.968997 0.966905 0.965675
0.969735 0.963460 0.959769
0.970473 0.960015 0.953864
0.971211 0.956571 0.947958
0.971949 0.953126 0.942053
0.972687 0.949681 0.936148
0.973426 0.946236 0.930242
0.974164 0.942791 0.924337
0.974902 0.939346 0.918431
0.975640 0.935902 0.912526
0.976378 0.932457 0.906621
0.977116 0.929012 0.900715
0.977855 0.925567 0.894810
0.978593 0.922122 0.888904
0.979331 0.918677 0.882999
0.980069 0.915233 0.877093
0.980807 0.911788 0.871188
0.981546 0.908343 0.865283
0.982284 0.904898 0.859377
0.983022 0.901453 0.853472
0.983760 0.898008 0.847566
0.984498 0.894564 0.841661
0.985236 0.891119 0.835755
0.985975 0.887674 0.829850
0.986713 0.884229 0.823945
0.987451 0.880784 0.818039
0.988189 0.877339 0.812134
0.988927 0.873895 0.806228
0.989666 0.870450 0.800323
0.990404 0.867005 0.794418
0.991142 0.863560 0.788512
0.991880 0.860115 0.782607
0.991465 0.854671 0.775087
0.990358 0.848028 0.766597
0.989250 0.841384 0.758108
0.988143 0.834740 0.749619
0.987036 0.828097 0.741130
0.985928 0.821453 0.732641
0.984821 0.814810 0.724152
0.983714 0.808166 0.715663
0.982607 0.801522 0.707174
0.981499 0.794879 0.698685
0.980392 0.788235 0.690196
0.979285 0.781592 0.681707
0.978178 0.774948 0.673218
0.977070 0.768304 0.664729
0.975963 0.761661 0.656240
0.974856 0.755017 0.647751
0.973749 0.748374 0.639262
0.972641 0.741730 0.630773
0.971534 0.735087 0.622284
0.970427 0.728443 0.613795
0.969319 0.721799 0.605306
0.968212 0.715156 0.596817
0.967105 0.708512 0.588328
0.965998 0.701869 0.579839
0.964890 0.695225 0.571349
0.963783 0.688581 0.562860
0.962676 0.681938 0.554371
0.961569 0.675294 0.545882
0.960461 0.668651 0.537393
0.959354 0.662007 0.528904
0.958247 0.655363 0.520415
0.957140 0.648720 0.511926
0.954095 0.640692 0.504913
0.950404 0.632203 0.498393
0.946713 0.623714 0.491872
0.943022 0.615225 0.485352
0.939331 0.606736 0.478831
0.935640 0.598247 0.472311
0.931949 0.589758 0.465790
0.928258 0.581269 0.459270
0.924567 0.572780 0.452749
0.920877 0.564291 0.446228
0.917186 0.555802 0.439708
0.913495 0.547313 0.433187
0.909804 0.538824 0.426667
0.906113 0.530334 0.420146
0.902422 0.521845 0.413626
0.898731 0.513356 0.407105
0.895040 0.504867 0.400584
0.891349 0.496378 0.394064
0.887659 0.487889 0.387543
0.883968 0.479400 0.381023
0.880277 0.470911 0.374502
0.876586 0.462422 0.367982
0.872895 0.453933 0.361461
0.869204 0.445444 0.354940
0.865513 0.436955 0.348420
0.861822 0.428466 0.341899
0.858131 0.419977 0.335379
0.854441 0.411488 0.328858
0.850750 0.402999 0.322338
0.847059 0.394510 0.315817
0.843368 0.386021 0.309296
0.839677 0.377532 0.302776
0.835340 0.368720 0.298301
0.830911 0.359862 0.294118
0.826482 0.351003 0.289935
0.822053 0.342145 0.285752
0.817624 0.333287 0.281569
0.813195 0.324429 0.277386
0.808766 0.315571 0.273203
0.804337 0.306713 0.269020
0.799908 0.297855 0.264837
0.795479 0.288997 0.260654
0.791050 0.280138 0.256471
0.786621 0.271280 0.252288
0.782191 0.262422 0.248105
0.777762 0.253564 0.243922
0.773333 0.244706 0.239739
0.768904 0.235848 0.235556
0.764475 0.226990 0.231373
0.760046 0.218131 0.227190
0.755617 0.209273 0.223007
0.751188 0.200415 0.218824
0.746759 0.191557 0.214641
0.742330 0.182699 0.210458
0.737901 0.173841 0.206275
0.733472 0.164983 0.202092
0.729043 0.156125 0.197908
0.724614 0.147266 0.193725
0.720185 0.138408 0.189542
0.715755 0.129550 0.185359
0.711326 0.120692 0.181176
0.706897 0.111834 0.176993
0.702468 0.102976 0.172810
0.698039 0.094118 0.168627
