0.996078 0.984314 0.913725
0.995402 0.982960 0.906959
0.994725 0.981607 0.900192
0.994048 0.980254 0.893426
0.993372 0.978900 0.886659
0.992695 0.977547 0.879892
0.992018 0.976194 0.873126
0.991342 0.974840 0.866359
0.990665 0.973487 0.859592
0.989988 0.972134 0.852826
0.989312 0.970780 0.846059
0.988635 0.969427 0.839293
0.987266 0.968074 0.832526
0.984898 0.966720 0.825759
0.982530 0.965367 0.818993
0.980161 0.964014 0.812226
0.977793 0.962661 0.805459
0.975425 0.961307 0.798693
0.973057 0.959954 0.791926
0.970688 0.958601 0.785160
0.968320 0.957247 0.778393
0.965952 0.955894 0.771626
0.963583 0.954541 0.764860
0.961215 0.953187 0.758093
0.957739 0.952111 0.753541
0.954018 0.951096 0.749481
0.950296 0.950081 0.745421
0.946574 0.949066 0.741361
0.942853 0.948051 0.737301
0.939131 0.947036 0.733241
0.935409 0.946021 0.729181
0.931688 0.945006 0.725121
0.927966 0.943991 0.721061
0.924245 0.942976 0.717001
0.920523 0.941961 0.712941
0.916647 0.940869 0.710573
0.912249 0.939516 0.713956
0.907851 0.938162 0.717339
0.903453 0.936809 0.720723
0.899054 0.935456 0.724106
0.894656 0.934102 0.727489
0.890258 0.932749 0.730873
0.885859 0.931396 0.734256
0.881461 0.930042 0.737639
0.877063 0.928689 0.741023
0.872664 0.927336 0.744406
0.868266 0.925982 0.747789
0.863868 0.924414 0.751388
0.859469 0.922722 0.755110
0.855071 0.921030 0.758831
0.850673 0.919339 0.762553
0.846275 0.917647 0.766275
0.841876 0.915955 0.769996
0.837478 0.914264 0.773718
0.833080 0.912572 0.777439
0.828681 0.910880 0.781161
0.824283 0.909189 0.784883
0.819885 0.907497 0.788604
0.815471 0.905821 0.792280
0.810734 0.904468 0.794987
0.805998 0.903114 0.797693
0.801261 0.901761 0.800400
0.796524 0.900408 0.803106
0.791788 0.899054 0.805813
0.787051 0.897701 0.808520
0.782314 0.896348 0.811226
0.777578 0.894994 0.813933
0.772841 0.893641 0.816640
0.768105 0.892288 0.819346
0.763368 0.890934 0.822053
0.758785 0.889273 0.824452
0.754387 0.887243 0.826482
0.749988 0.885213 0.828512
0.745590 0.883183 0.830542
0.741192 0.881153 0.832572
0.736794 0.879123 0.834602
0.732395 0.877093 0.836632
0.727997 0.875063 0.838662
0.723599 0.873033 0.840692
0.719200 0.871003 0.842722
0.714802 0.868973 0.844752
0.710404 0.866943 0.846782
0.706005 0.865206 0.848228
0.701607 0.863514 0.849581
0.697209 0.861822 0.850934
0.692810 0.860131 0.852288
0.688412 0.858439 0.853641
0.684014 0.856747 0.854994
0.679616 0.855056 0.856348
0.675217 0.853364 0.857701
0.670819 0.851672 0.859054
0.666421 0.849981 0.860408
0.662022 0.848289 0.861761
0.657624 0.846505 0.863206
0.653226 0.844475 0.864898
0.648827 0.842445 0.866590
0.644429 0.840415 0.868281
0.640031 0.838385 0.869973
0.635632 0.836355 0.871665
0.631234 0.834325 0.873356
0.626836 0.832295 0.875048
0.622438 0.830265 0.876740
0.618039 0.828235 0.878431
0.613641 0.826205 0.880123
0.609243 0.824175 0.881815
0.604614 0.821915 0.883045
0.599877 0.819546 0.884060
0.595140 0.817178 0.885075
0.590404 0.814810 0.886090
0.585667 0.812441 0.887105
0.580930 0.810073 0.888120
0.576194 0.807705 0.889135
0.571457 0.805336 0.890150
0.566720 0.802968 0.891165
0.561984 0.800600 0.892180
0.557247 0.798231 0.893195
0.552572 0.795863 0.894210
0.548512 0.793495 0.895225
0.544452 0.791126 0.896240
0.540392 0.788758 0.897255
0.536332 0.786390 0.898270
0.532272 0.784022 0.899285
0.528212 0.781653 0.900300
0.524152 0.779285 0.901315
0.520092 0.776917 0.902330
0.516032 0.774548 0.903345
0.511972 0.772180 0.904360
0.507912 0.769812 0.905375
0.504867 0.767274 0.905882
0.502837 0.764567 0.905882
0.500807 0.761861 0.905882
0.498777 0.759154 0.905882
0.496747 0.756448 0.905882
0.494717 0.753741 0.905882
0.492687 0.751034 0.905882
0.490657 0.748328 0.905882
0.488627 0.745621 0.905882
0.486597 0.742914 0.905882
0.484567 0.740208 0.905882
0.482537 0.737501 0.905882
0.483276 0.734179 0.904960
0.484291 0.730796 0.903945
0.485306 0.727413 0.902930
0.486321 0.724029 0.901915
0.487336 0.720646 0.900900
0.488351 0.717263 0.899885
0.489366 0.713879 0.898870
0.490381 0.710496 0.897855
0.491396 0.707113 0.896840
0.492411 0.703729 0.895825
0.493426 0.700346 0.894810
0.495194 0.696640 0.893364
0.498577 0.692241 0.890996
0.501961 0.687843 0.888627
0.505344 0.683445 0.886259
0.508727 0.679047 0.883891
0.512111 0.674648 0.881522
0.515494 0.670250 0.879154
0.518877 0.665852 0.876786
0.522261 0.661453 0.874418
0.525644 0.657055 0.872049
0.529027 0.652657 0.869681
0.532411 0.648258 0.867313
0.536040 0.643860 0.863960
0.539762 0.639462 0.860238
0.543483 0.635063 0.856517
0.547205 0.630665 0.852795
0.550927 0.626267 0.849073
0.554648 0.621869 0.845352
0.558370 0.617470 0.841630
0.562092 0.613072 0.837908
0.565813 0.608674 0.834187
0.569535 0.604275 0.830465
0.573256 0.599877 0.826744
0.576840 0.595433 0.822884
0.579546 0.590696 0.818147
0.582253 0.585959 0.813410
0.584960 0.581223 0.808674
0.587666 0.576486 0.803937
0.590373 0.571749 0.799200
0.593080 0.567013 0.794464
0.595786 0.562276 0.789727
0.598493 0.557539 0.784990
0.601200 0.552803 0.780254
0.603906 0.548066 0.775517
0.606613 0.543329 0.770780
0.608212 0.538777 0.765306
0.608889 0.534379 0.759216
0.609566 0.529981 0.753126
0.610242 0.525582 0.747036
0.610919 0.521184 0.740946
0.611596 0.516786 0.734856
0.612272 0.512388 0.728766
0.612949 0.507989 0.722676
0.613626 0.503591 0.716586
0.614302 0.499193 0.710496
0.614979 0.494794 0.704406
0.615656 0.490396 0.698316
0.614717 0.485998 0.691580
0.613702 0.481599 0.684814
0.612687 0.477201 0.678047
0.611672 0.472803 0.671280
0.610657 0.468404 0.664514
0.609642 0.464006 0.657747
0.608627 0.459608 0.650980
0.607612 0.455210 0.644214
0.606597 0.450811 0.637447
0.605582 0.446413 0.630681
0.604567 0.442015 0.623914
0.602691 0.437616 0.616901
0.599308 0.433218 0.609458
0.595925 0.428820 0.602015
0.592541 0.424421 0.594571
0.589158 0.420023 0.587128
0.585775 0.415625 0.579685
0.582391 0.411226 0.572241
0.579008 0.406828 0.564798
0.575625 0.402430 0.557355
0.572241 0.398032 0.549912
0.568858 0.393633 0.542468
0.565475 0.389235 0.535025
0.560523 0.385098 0.527059
0.555110 0.381038 0.518939
0.549696 0.376978 0.510819
0.544283 0.372918 0.502699
0.538870 0.368858 0.494579
0.533456 0.364798 0.486459
0.528043 0.360738 0.478339
0.522630 0.356678 0.470219
0.517216 0.352618 0.462099
0.511803 0.348558 0.453979
0.506390 0.344498 0.445859
0.500484 0.340315 0.437678
0.492364 0.335579 0.429220
0.484245 0.330842 0.420761
0.476125 0.326105 0.412303
0.468005 0.321369 0.403845
0.459885 0.316632 0.395386
0.451765 0.311895 0.386928
0.443645 0.307159 0.378470
0.435525 0.302422 0.370012
0.427405 0.297686 0.361553
0.419285 0.292949 0.353095
0.411165 0.288212 0.344637
0.401046 0.282276 0.335379
0.389542 0.275509 0.325567
0.378039 0.268743 0.315755
0.366536 0.261976 0.305944
0.355033 0.255210 0.296132
0.343529 0.248443 0.286321
0.332026 0.241676 0.276509
0.320523 0.234910 0.266697
0.309020 0.228143 0.256886
0.297516 0.221376 0.247074
0.286013 0.214610 0.237263
0.274510 0.207843 0.227451
