0.996078 0.984314 0.913725
0.988235 0.968627 0.835294
0.960784 0.952941 0.756863
0.917647 0.941176 0.709804
0.866667 0.925490 0.749020
0.815686 0.905882 0.792157
0.760784 0.890196 0.823529
0.709804 0.866667 0.847059
0.658824 0.847059 0.862745
0.607843 0.823529 0.882353
0.552941 0.796078 0.894118
0.505882 0.768627 0.905882
0.482353 0.737255 0.905882
0.494118 0.698039 0.894118
0.533333 0.647059 0.866667
0.576471 0.596078 0.823529
0.607843 0.541176 0.768627
0.615686 0.490196 0.698039
0.603922 0.439216 0.619608
0.564706 0.388235 0.533333
0.501961 0.341176 0.439216
0.407843 0.286275 0.341176
0.274510 0.207843 0.227451
