0.070588 0.352941 0.337255
0.066159 0.359831 0.346359
0.061730 0.366720 0.355463
0.057301 0.373610 0.364567
0.052872 0.380500 0.373672
0.048443 0.387389 0.382776
0.044014 0.394279 0.391880
0.039585 0.401169 0.400984
0.035156 0.408058 0.410088
0.030727 0.414948 0.419193
0.026298 0.421838 0.428297
0.021869 0.428727 0.437401
0.017439 0.435617 0.446505
0.013010 0.442507 0.455609
0.008581 0.449396 0.464714
0.004152 0.456286 0.473818
0.000538 0.463130 0.482876
0.009150 0.469281 0.491242
0.017762 0.475433 0.499608
0.026374 0.481584 0.507974
0.034987 0.487735 0.516340
0.043599 0.493887 0.524706
0.052211 0.500038 0.533072
0.060823 0.506190 0.541438
0.069435 0.512341 0.549804
0.078047 0.518493 0.558170
0.086659 0.524644 0.566536
0.095271 0.530796 0.574902
0.103883 0.536947 0.583268
0.112495 0.543099 0.591634
0.121107 0.549250 0.600000
0.129719 0.555402 0.608366
0.138208 0.561522 0.616947
0.145836 0.567428 0.627036
0.153464 0.573333 0.637124
0.161092 0.579239 0.647213
0.168720 0.585144 0.657301
0.176348 0.591050 0.667389
0.183975 0.596955 0.677478
0.191603 0.602860 0.687566
0.199231 0.608766 0.697655
0.206859 0.614671 0.707743
0.214487 0.620577 0.717832
0.222115 0.626482 0.727920
0.229742 0.632388 0.738008
0.237370 0.638293 0.748097
0.244998 0.644198 0.758185
0.252626 0.650104 0.768274
0.260208 0.655871 0.778085
0.267589 0.661038 0.786697
0.274971 0.666205 0.795309
0.282353 0.671373 0.803922
0.289735 0.676540 0.812534
0.297116 0.681707 0.821146
0.304498 0.686874 0.829758
0.311880 0.692042 0.838370
0.319262 0.697209 0.846982
0.326644 0.702376 0.855594
0.334025 0.707543 0.864206
0.341407 0.712710 0.872818
0.348789 0.717878 0.881430
0.356171 0.723045 0.890042
0.363552 0.728212 0.898654
0.370934 0.733379 0.907266
0.380223 0.738239 0.914095
0.395233 0.742176 0.915571
0.410242 0.746113 0.917047
0.425252 0.750050 0.918524
0.440261 0.753987 0.920000
0.455271 0.757924 0.921476
0.470281 0.761861 0.922953
0.485290 0.765798 0.924429
0.500300 0.769735 0.925905
0.515309 0.773672 0.927382
0.530319 0.777609 0.928858
0.545329 0.781546 0.930334
0.560338 0.785483 0.931811
0.575348 0.789419 0.933287
0.590358 0.793356 0.934764
0.605367 0.797293 0.936240
0.618839 0.801153 0.937101
0.628927 0.804844 0.936609
0.639016 0.808535 0.936117
0.649104 0.812226 0.935625
0.659193 0.815917 0.935133
0.669281 0.819608 0.934641
0.679369 0.823299 0.934148
0.689458 0.826990 0.933656
0.699546 0.830681 0.933164
0.709635 0.834371 0.932672
0.719723 0.838062 0.932180
0.729812 0.841753 0.931688
0.739900 0.845444 0.931196
0.749988 0.849135 0.930704
0.760077 0.852826 0.930211
0.770165 0.856517 0.929719
0.778685 0.859839 0.928858
0.784591 0.862545 0.927382
0.790496 0.865252 0.925905
0.796401 0.867958 0.924429
0.802307 0.870665 0.922953
0.808212 0.873372 0.921476
0.814118 0.876078 0.920000
0.820023 0.878785 0.918524
0.825928 0.881492 0.917047
0.831834 0.884198 0.915571
0.837739 0.886905 0.914095
0.843645 0.889612 0.912618
0.849550 0.892318 0.911142
0.855456 0.895025 0.909666
0.861361 0.897732 0.908189
0.867266 0.900438 0.906713
0.872095 0.902391 0.904483
0.875540 0.903376 0.901284
0.878985 0.904360 0.898085
0.882430 0.905344 0.894887
0.885875 0.906328 0.891688
0.889319 0.907313 0.888489
0.892764 0.908297 0.885290
0.896209 0.909281 0.882092
0.899654 0.910265 0.878893
0.903099 0.911250 0.875694
0.906544 0.912234 0.872495
0.909988 0.913218 0.869296
0.913433 0.914202 0.866098
0.916878 0.915186 0.862899
0.920323 0.916171 0.859700
0.923768 0.917155 0.856501
0.925982 0.917155 0.849981
0.926967 0.916171 0.840138
0.927951 0.915186 0.830296
0.928935 0.914202 0.820454
0.929919 0.913218 0.810611
0.930903 0.912234 0.800769
0.931888 0.911250 0.790927
0.932872 0.910265 0.781084
0.933856 0.909281 0.771242
0.934840 0.908297 0.761399
0.935825 0.907313 0.751557
0.936809 0.906328 0.741715
0.937793 0.905344 0.731872
0.938777 0.904360 0.722030
0.939762 0.903376 0.712188
0.940746 0.902391 0.702345
0.942422 0.899608 0.689735
0.944637 0.895425 0.674971
0.946851 0.891242 0.660208
0.949066 0.887059 0.645444
0.951280 0.882876 0.630681
0.953495 0.878693 0.615917
0.955709 0.874510 0.601153
0.957924 0.870327 0.586390
0.960138 0.866144 0.571626
0.962353 0.861961 0.556863
0.964567 0.857778 0.542099
0.966782 0.853595 0.527336
0.968997 0.849412 0.512572
0.971211 0.845229 0.497809
0.973426 0.841046 0.483045
0.975640 0.836863 0.468281
0.977393 0.830988 0.457516
0.978870 0.824098 0.449150
0.980346 0.817209 0.440784
0.981822 0.810319 0.432418
0.983299 0.803429 0.424052
0.984775 0.796540 0.415686
0.986251 0.789650 0.407320
0.987728 0.782760 0.398954
0.989204 0.775871 0.390588
0.990681 0.768981 0.382222
0.992157 0.762092 0.373856
0.993633 0.755202 0.365490
0.995110 0.748312 0.357124
0.996586 0.741423 0.348758
0.998062 0.734533 0.340392
0.999539 0.727643 0.332026
0.999662 0.720246 0.326705
0.999170 0.712618 0.322768
0.998677 0.704990 0.318831
0.998185 0.697363 0.314894
0.997693 0.689735 0.310957
0.997201 0.682107 0.307020
0.996709 0.674479 0.303083
0.996217 0.666851 0.299146
0.995725 0.659223 0.295210
0.995233 0.651596 0.291273
0.994740 0.643968 0.287336
0.994248 0.636340 0.283399
0.993756 0.628712 0.279462
0.993264 0.621084 0.275525
0.992772 0.613456 0.271588
0.992280 0.605829 0.267651
0.990681 0.597278 0.263714
0.988712 0.588420 0.259777
0.986744 0.579562 0.255840
0.984775 0.570704 0.251903
0.982807 0.561845 0.247966
0.980838 0.552987 0.244029
0.978870 0.544129 0.240092
0.976901 0.535271 0.236155
0.974933 0.526413 0.232218
0.972964 0.517555 0.228281
0.970996 0.508697 0.224344
0.969027 0.499839 0.220408
0.967059 0.490980 0.216471
0.965090 0.482122 0.212534
0.963122 0.473264 0.208597
0.961153 0.464406 0.204660
0.958385 0.454348 0.199723
0.955433 0.444014 0.194556
0.952480 0.433679 0.189389
0.949527 0.423345 0.184221
0.946574 0.413010 0.179054
0.943622 0.402676 0.173887
0.940669 0.392341 0.168720
0.937716 0.382007 0.163552
0.934764 0.371672 0.158385
0.931811 0.361338 0.153218
0.928858 0.351003 0.148051
0.925905 0.340669 0.142884
0.922953 0.330334 0.137716
0.920000 0.320000 0.132549
0.917047 0.309666 0.127382
0.914095 0.299331 0.122215
0.908558 0.286844 0.116401
0.902653 0.274048 0.110496
0.896747 0.261253 0.104591
0.890842 0.248458 0.098685
0.884937 0.235663 0.092780
0.879031 0.222868 0.086874
0.873126 0.210073 0.080969
0.867220 0.197278 0.075063
0.861315 0.184483 0.069158
0.855409 0.171688 0.063253
0.849504 0.158893 0.057347
0.843599 0.146098 0.051442
0.837693 0.133303 0.045536
0.831788 0.120507 0.039631
0.825882 0.107712 0.033725
0.819977 0.094917 0.027820
0.808304 0.094118 0.030219
0.796248 0.094118 0.033172
0.784191 0.094118 0.036125
0.772134 0.094118 0.039077
0.760077 0.094118 0.042030
0.748020 0.094118 0.044983
0.735963 0.094118 0.047935
0.723906 0.094118 0.050888
0.711849 0.094118 0.053841
0.699792 0.094118 0.056794
0.687735 0.094118 0.059746
0.675679 0.094118 0.062699
0.663622 0.094118 0.065652
0.651565 0.094118 0.068604
0.639508 0.094118 0.071557
0.627451 0.094118 0.074510
