0.462745 0.164706 0.513725
0.467051 0.173318 0.518647
0.471357 0.181930 0.523568
0.475663 0.190542 0.528489
0.479969 0.199154 0.533410
0.484275 0.207766 0.538331
0.488581 0.216378 0.543253
0.492887 0.224990 0.548174
0.497193 0.233602 0.553095
0.501499 0.242215 0.558016
0.505805 0.250827 0.562937
0.510111 0.259439 0.567859
0.514418 0.268051 0.572780
0.518724 0.276663 0.577701
0.523030 0.285275 0.582622
0.527336 0.293887 0.587543
0.531642 0.302499 0.592464
0.535948 0.311111 0.597386
0.540254 0.319723 0.602307
0.544560 0.328335 0.607228
0.548866 0.336947 0.612149
0.553172 0.345559 0.617070
0.557478 0.354171 0.621992
0.561784 0.362784 0.626913
0.566090 0.371396 0.631834
0.570396 0.380008 0.636755
0.574702 0.388620 0.641676
0.579008 0.397232 0.646597
0.583314 0.405844 0.651519
0.587620 0.414456 0.656440
0.591926 0.423068 0.661361
0.596232 0.431680 0.666282
0.600631 0.440031 0.671142
0.605675 0.446551 0.675571
0.610719 0.453072 0.680000
0.615763 0.459592 0.684429
0.620807 0.466113 0.688858
0.625852 0.472634 0.693287
0.630896 0.479154 0.697716
0.635940 0.485675 0.702145
0.640984 0.492195 0.706574
0.646028 0.498716 0.711003
0.651073 0.505236 0.715433
0.656117 0.511757 0.719862
0.661161 0.518278 0.724291
0.666205 0.524798 0.728720
0.671250 0.531319 0.733149
0.676294 0.537839 0.737578
0.681338 0.544360 0.742007
0.686382 0.550880 0.746436
0.691426 0.557401 0.750865
0.696471 0.563922 0.755294
0.701515 0.570442 0.759723
0.706559 0.576963 0.764152
0.711603 0.583483 0.768581
0.716647 0.590004 0.773010
0.721692 0.596524 0.777439
0.726736 0.603045 0.781869
0.731780 0.609566 0.786298
0.736824 0.616086 0.790727
0.741869 0.622607 0.795156
0.746913 0.629127 0.799585
0.751957 0.635648 0.804014
0.757001 0.642168 0.808443
0.761922 0.648504 0.812534
0.766474 0.654287 0.815609
0.771027 0.660069 0.818685
0.775579 0.665852 0.821761
0.780131 0.671634 0.824837
0.784683 0.677416 0.827912
0.789235 0.683199 0.830988
0.793787 0.688981 0.834064
0.798339 0.694764 0.837140
0.802891 0.700546 0.840215
0.807443 0.706328 0.843291
0.811995 0.712111 0.846367
0.816547 0.717893 0.849443
0.821100 0.723676 0.852518
0.825652 0.729458 0.855594
0.830204 0.735240 0.858670
0.834756 0.741023 0.861745
0.839308 0.746805 0.864821
0.843860 0.752587 0.867897
0.848412 0.758370 0.870973
0.852964 0.764152 0.874048
0.857516 0.769935 0.877124
0.862068 0.775717 0.880200
0.866621 0.781499 0.883276
0.871173 0.787282 0.886351
0.875725 0.793064 0.889427
0.880277 0.798847 0.892503
0.884829 0.804629 0.895579
0.889381 0.810411 0.898654
0.893933 0.816194 0.901730
0.898485 0.821976 0.904806
0.903037 0.827759 0.907882
0.906621 0.832987 0.910496
0.908589 0.837293 0.912341
0.910557 0.841599 0.914187
0.912526 0.845905 0.916032
0.914494 0.850211 0.917878
0.916463 0.854517 0.919723
0.918431 0.858824 0.921569
0.920400 0.863130 0.923414
0.922368 0.867436 0.925260
0.924337 0.871742 0.927105
0.926305 0.876048 0.928950
0.928274 0.880354 0.930796
0.930242 0.884660 0.932641
0.932211 0.888966 0.934487
0.934179 0.893272 0.936332
0.936148 0.897578 0.938178
0.938116 0.901884 0.940023
0.940085 0.906190 0.941869
0.942053 0.910496 0.943714
0.944022 0.914802 0.945559
0.945990 0.919108 0.947405
0.947958 0.923414 0.949250
0.949927 0.927720 0.951096
0.951895 0.932026 0.952941
0.953864 0.936332 0.954787
0.955832 0.940638 0.956632
0.957801 0.944944 0.958478
0.959769 0.949250 0.960323
0.961738 0.953556 0.962168
0.963706 0.957862 0.964014
0.965675 0.962168 0.965859
0.967643 0.966474 0.967705
0.966782 0.968197 0.966413
0.963091 0.967336 0.961984
0.959400 0.966474 0.957555
0.955709 0.965613 0.953126
0.952018 0.964752 0.948697
0.948328 0.963891 0.944268
0.944637 0.963030 0.939839
0.940946 0.962168 0.935409
0.937255 0.961307 0.930980
0.933564 0.960446 0.926551
0.929873 0.959585 0.922122
0.926182 0.958724 0.917693
0.922491 0.957862 0.913264
0.918800 0.957001 0.908835
0.915110 0.956140 0.904406
0.911419 0.955279 0.899977
0.907728 0.954418 0.895548
0.904037 0.953556 0.891119
0.900346 0.952695 0.886690
0.896655 0.951834 0.882261
0.892964 0.950973 0.877832
0.889273 0.950111 0.873403
0.885582 0.949250 0.868973
0.881892 0.948389 0.864544
0.878201 0.947528 0.860115
0.874510 0.946667 0.855686
0.870819 0.945805 0.851257
0.867128 0.944944 0.846828
0.863437 0.944083 0.842399
0.859746 0.943222 0.837970
0.856055 0.942361 0.833541
0.852364 0.941499 0.829112
0.847520 0.938947 0.823376
0.841984 0.935379 0.816855
0.836448 0.931811 0.810334
0.830911 0.928243 0.803814
0.825375 0.924675 0.797293
0.819839 0.921107 0.790773
0.814302 0.917539 0.784252
0.808766 0.913972 0.777732
0.803230 0.910404 0.771211
0.797693 0.906836 0.764691
0.792157 0.903268 0.758170
0.786621 0.899700 0.751649
0.781084 0.896132 0.745129
0.775548 0.892564 0.738608
0.770012 0.888997 0.732088
0.764475 0.885429 0.725567
0.758939 0.881861 0.719047
0.753403 0.878293 0.712526
0.747866 0.874725 0.706005
0.742330 0.871157 0.699485
0.736794 0.867589 0.692964
0.731257 0.864022 0.686444
0.725721 0.860454 0.679923
0.720185 0.856886 0.673403
0.714648 0.853318 0.666882
0.709112 0.849750 0.660361
0.703576 0.846182 0.653841
0.698039 0.842614 0.647320
0.692503 0.839047 0.640800
0.686967 0.835479 0.634279
0.681430 0.831911 0.627759
0.675894 0.828343 0.621238
0.666943 0.824037 0.613979
0.656855 0.819485 0.606474
0.646767 0.814933 0.598970
0.636678 0.810381 0.591465
0.626590 0.805829 0.583960
0.616501 0.801276 0.576455
0.606413 0.796724 0.568950
0.596324 0.792172 0.561446
0.586236 0.787620 0.553941
0.576148 0.783068 0.546436
0.566059 0.778516 0.538931
0.555971 0.773964 0.531426
0.545882 0.769412 0.523922
0.535794 0.764860 0.516417
0.525705 0.760308 0.508912
0.515617 0.755755 0.501407
0.505529 0.751203 0.493902
0.495440 0.746651 0.486398
0.485352 0.742099 0.478893
0.475263 0.737547 0.471388
0.465175 0.732995 0.463883
0.455087 0.728443 0.456378
0.444998 0.723891 0.448874
0.434910 0.719339 0.441369
0.424821 0.714787 0.433864
0.414733 0.710235 0.426359
0.404644 0.705682 0.418854
0.394556 0.701130 0.411349
0.384468 0.696578 0.403845
0.374379 0.692026 0.396340
0.364291 0.687474 0.388835
0.354202 0.682922 0.381330
0.346159 0.676540 0.375871
0.338408 0.669896 0.370704
0.330657 0.663253 0.365536
0.322907 0.656609 0.360369
0.315156 0.649965 0.355202
0.307405 0.643322 0.350035
0.299654 0.636678 0.344867
0.291903 0.630035 0.339700
0.284152 0.623391 0.334533
0.276401 0.616747 0.329366
0.268651 0.610104 0.324198
0.260900 0.603460 0.319031
0.253149 0.596817 0.313864
0.245398 0.590173 0.308697
0.237647 0.583529 0.303529
0.229896 0.576886 0.298362
0.222145 0.570242 0.293195
0.214394 0.563599 0.288028
0.206644 0.556955 0.282860
0.198893 0.550311 0.277693
0.191142 0.543668 0.272526
0.183391 0.537024 0.267359
0.175640 0.530381 0.262191
0.167889 0.523737 0.257024
0.160138 0.517093 0.251857
0.152388 0.510450 0.246690
0.144637 0.503806 0.241522
0.136886 0.497163 0.236355
0.129135 0.490519 0.231188
0.121384 0.483875 0.226021
0.113633 0.477232 0.220854
0.105882 0.470588 0.215686
