0.435294 0.298039 0.607843
0.376471 0.349020 0.662745
0.333333 0.407843 0.721569
0.305882 0.474510 0.772549
0.301961 0.541176 0.776471
0.305882 0.588235 0.737255
0.329412 0.619608 0.701961
0.349020 0.647059 0.662745
0.376471 0.670588 0.619608
0.411765 0.694118 0.564706
0.466667 0.717647 0.490196
0.549020 0.737255 0.407843
0.650980 0.745098 0.329412
0.745098 0.737255 0.282353
0.819608 0.709804 0.254902
0.866667 0.666667 0.235294
0.894118 0.611765 0.223529
0.905882 0.549020 0.207843
0.901961 0.474510 0.196078
0.894118 0.388235 0.176471
0.874510 0.282353 0.156863
0.854902 0.133333 0.133333
0.721569 0.133333 0.117647
0.584314 0.129412 0.105882
0.447059 0.117647 0.090196
0.321569 0.101961 0.074510
