0.435294 0.298039 0.607843
0.429527 0.303037 0.613226
0.423760 0.308035 0.618608
0.417993 0.313033 0.623991
0.412226 0.318032 0.629373
0.406459 0.323030 0.634756
0.400692 0.328028 0.640138
0.394925 0.333026 0.645521
0.389158 0.338024 0.650903
0.383391 0.343022 0.656286
0.377624 0.348020 0.661669
0.373087 0.353633 0.667359
0.368858 0.359400 0.673126
0.364629 0.365167 0.678893
0.360400 0.370934 0.684660
0.356171 0.376701 0.690427
0.351942 0.382468 0.696194
0.347712 0.388235 0.701961
0.343483 0.394002 0.707728
0.339254 0.399769 0.713495
0.335025 0.405536 0.719262
0.331719 0.411765 0.724567
0.329027 0.418301 0.729566
0.326336 0.424837 0.734564
0.323645 0.431373 0.739562
0.320953 0.437908 0.744560
0.318262 0.444444 0.749558
0.315571 0.450980 0.754556
0.312880 0.457516 0.759554
0.310188 0.464052 0.764552
0.307497 0.470588 0.769550
0.305729 0.477124 0.772703
0.305344 0.483660 0.773087
0.304960 0.490196 0.773472
0.304575 0.496732 0.773856
0.304191 0.503268 0.774241
0.303806 0.509804 0.774625
0.303422 0.516340 0.775010
0.303037 0.522876 0.775394
0.302653 0.529412 0.775779
0.302268 0.535948 0.776163
0.302038 0.542099 0.775702
0.302422 0.546713 0.771857
0.302807 0.551326 0.768012
0.303191 0.555940 0.764168
0.303576 0.560554 0.760323
0.303960 0.565167 0.756478
0.304344 0.569781 0.752634
0.304729 0.574394 0.748789
0.305113 0.579008 0.744944
0.305498 0.583622 0.741100
0.305882 0.588235 0.737255
0.308189 0.591311 0.733795
0.310496 0.594387 0.730334
0.312803 0.597463 0.726874
0.315110 0.600538 0.723414
0.317416 0.603614 0.719954
0.319723 0.606690 0.716494
0.322030 0.609765 0.713033
0.324337 0.612841 0.709573
0.326644 0.615917 0.706113
0.328950 0.618993 0.702653
0.330950 0.621761 0.698885
0.332872 0.624452 0.695040
0.334794 0.627143 0.691196
0.336717 0.629835 0.687351
0.338639 0.632526 0.683506
0.340561 0.635217 0.679662
0.342484 0.637908 0.675817
0.344406 0.640600 0.671972
0.346328 0.643291 0.668128
0.348251 0.645982 0.664283
0.350634 0.648443 0.660208
0.353326 0.650750 0.655978
0.356017 0.653057 0.651749
0.358708 0.655363 0.647520
0.361399 0.657670 0.643291
0.364091 0.659977 0.639062
0.366782 0.662284 0.634833
0.369473 0.664591 0.630604
0.372165 0.666897 0.626374
0.374856 0.669204 0.622145
0.377855 0.671511 0.617455
0.381315 0.673818 0.612072
0.384775 0.676125 0.606690
0.388235 0.678431 0.601307
0.391696 0.680738 0.595925
0.395156 0.683045 0.590542
0.398616 0.685352 0.585160
0.402076 0.687659 0.579777
0.405536 0.689965 0.574394
0.408997 0.692272 0.569012
0.412841 0.694579 0.563245
0.418224 0.696886 0.555940
0.423606 0.699193 0.548635
0.428989 0.701499 0.541330
0.434371 0.703806 0.534025
0.439754 0.706113 0.526720
0.445136 0.708420 0.519416
0.450519 0.710727 0.512111
0.455902 0.713033 0.504806
0.461284 0.715340 0.497501
0.466667 0.717647 0.490196
0.474740 0.719569 0.482122
0.482814 0.721492 0.474048
0.490888 0.723414 0.465975
0.498962 0.725336 0.457901
0.507036 0.727259 0.449827
0.515110 0.729181 0.441753
0.523183 0.731103 0.433679
0.531257 0.733026 0.425606
0.539331 0.734948 0.417532
0.547405 0.736870 0.409458
0.557017 0.737870 0.401692
0.567013 0.738639 0.394002
0.577009 0.739408 0.386313
0.587005 0.740177 0.378624
0.597001 0.740946 0.370934
0.606997 0.741715 0.363245
0.616993 0.742484 0.355556
0.626990 0.743253 0.347866
0.636986 0.744022 0.340177
0.646982 0.744790 0.332488
0.656517 0.744637 0.326644
0.665744 0.743868 0.322030
0.674971 0.743099 0.317416
0.684198 0.742330 0.312803
0.693426 0.741561 0.308189
0.702653 0.740792 0.303576
0.711880 0.740023 0.298962
0.721107 0.739254 0.294348
0.730334 0.738485 0.289735
0.739562 0.737716 0.285121
0.748020 0.736178 0.281276
0.755325 0.733487 0.278585
0.762630 0.730796 0.275894
0.769935 0.728105 0.273203
0.777240 0.725413 0.270511
0.784544 0.722722 0.267820
0.791849 0.720031 0.265129
0.799154 0.717339 0.262438
0.806459 0.714648 0.259746
0.813764 0.711957 0.257055
0.820531 0.708958 0.254517
0.825144 0.704729 0.252595
0.829758 0.700500 0.250673
0.834371 0.696271 0.248750
0.838985 0.692042 0.246828
0.843599 0.687812 0.244906
0.848212 0.683583 0.242983
0.852826 0.679354 0.241061
0.857439 0.675125 0.239139
0.862053 0.670896 0.237216
0.866667 0.666667 0.235294
0.869358 0.661284 0.234141
0.872049 0.655902 0.232987
0.874740 0.650519 0.231834
0.877432 0.645136 0.230681
0.880123 0.639754 0.229527
0.882814 0.634371 0.228374
0.885506 0.628989 0.227220
0.888197 0.623606 0.226067
0.890888 0.618224 0.224913
0.893579 0.612841 0.223760
0.895040 0.606844 0.222299
0.896194 0.600692 0.220761
0.897347 0.594541 0.219223
0.898501 0.588389 0.217686
0.899654 0.582238 0.216148
0.900807 0.576086 0.214610
0.901961 0.569935 0.213072
0.903114 0.563783 0.211534
0.904268 0.557632 0.209996
0.905421 0.551480 0.208458
0.905652 0.544637 0.207151
0.905267 0.537332 0.205998
0.904883 0.530027 0.204844
0.904498 0.522722 0.203691
0.904114 0.515417 0.202537
0.903729 0.508112 0.201384
0.903345 0.500807 0.200231
0.902960 0.493502 0.199077
0.902576 0.486198 0.197924
0.902191 0.478893 0.196770
0.901653 0.471126 0.195309
0.900884 0.462668 0.193387
0.900115 0.454210 0.191465
0.899346 0.445752 0.189542
0.898577 0.437293 0.187620
0.897809 0.428835 0.185698
0.897040 0.420377 0.183775
0.896271 0.411918 0.181853
0.895502 0.403460 0.179931
0.894733 0.395002 0.178008
0.893733 0.386159 0.176086
0.891811 0.375779 0.174164
0.889889 0.365398 0.172241
0.887966 0.355017 0.170319
0.886044 0.344637 0.168397
0.884121 0.334256 0.166474
0.882199 0.323875 0.164552
0.880277 0.313495 0.162630
0.878354 0.303114 0.160707
0.876432 0.292734 0.158785
0.874510 0.282353 0.156863
0.872587 0.267743 0.154556
0.870665 0.253133 0.152249
0.868743 0.238524 0.149942
0.866820 0.223914 0.147636
0.864898 0.209304 0.145329
0.862976 0.194694 0.143022
0.861053 0.180085 0.140715
0.859131 0.165475 0.138408
0.857209 0.150865 0.136101
0.855286 0.136255 0.133795
0.844444 0.133333 0.132103
0.831373 0.133333 0.130565
0.818301 0.133333 0.129027
0.805229 0.133333 0.127489
0.792157 0.133333 0.125952
0.779085 0.133333 0.124414
0.766013 0.133333 0.122876
0.752941 0.133333 0.121338
0.739869 0.133333 0.119800
0.726797 0.133333 0.118262
0.713495 0.133103 0.116955
0.700038 0.132718 0.115802
0.686582 0.132334 0.114648
0.673126 0.131949 0.113495
0.659669 0.131565 0.112341
0.646213 0.131180 0.111188
0.632757 0.130796 0.110035
0.619300 0.130411 0.108881
0.605844 0.130027 0.107728
0.592388 0.129642 0.106574
0.578931 0.128950 0.105267
0.565475 0.127797 0.103729
0.552018 0.126644 0.102191
0.538562 0.125490 0.100654
0.525106 0.124337 0.099116
0.511649 0.123183 0.097578
0.498193 0.122030 0.096040
0.484737 0.120877 0.094502
0.471280 0.119723 0.092964
0.457824 0.118570 0.091426
0.444598 0.117339 0.089889
0.432295 0.115802 0.088351
0.419992 0.114264 0.086813
0.407689 0.112726 0.085275
0.395386 0.111188 0.083737
0.383083 0.109650 0.082199
0.370780 0.108112 0.080661
0.358478 0.106574 0.079123
0.346175 0.105037 0.077586
0.333872 0.103499 0.076048
0.321569 0.101961 0.074510
