0.909804 0.925490 0.984314
0.904898 0.916571 0.978962
0.899992 0.907651 0.973610
0.895087 0.898731 0.968258
0.890181 0.889812 0.962907
0.885275 0.880892 0.957555
0.880369 0.871972 0.952203
0.875463 0.863053 0.946851
0.870557 0.854133 0.941499
0.865559 0.844937 0.935963
0.860208 0.834679 0.929719
0.854856 0.824421 0.923476
0.849504 0.814164 0.917232
0.844152 0.803906 0.910988
0.838800 0.793649 0.904744
0.833449 0.783391 0.898501
0.828097 0.773133 0.892257
0.822745 0.762876 0.886013
0.817024 0.752249 0.879400
0.810780 0.741100 0.872265
0.804537 0.729950 0.865129
0.798293 0.718800 0.857993
0.792049 0.707651 0.850857
0.785805 0.696501 0.843722
0.779562 0.685352 0.836586
0.773318 0.674202 0.829450
0.767074 0.663053 0.822314
0.760830 0.651903 0.815456
0.754587 0.640754 0.808766
0.748343 0.629604 0.802076
0.742099 0.618454 0.795386
0.735855 0.607305 0.788697
0.729612 0.596155 0.782007
0.723368 0.585006 0.775317
0.717124 0.573856 0.768627
0.710880 0.562707 0.761938
0.704637 0.552295 0.755617
0.698393 0.542038 0.749373
0.692149 0.531780 0.743130
0.685905 0.521522 0.736886
0.679662 0.511265 0.730642
0.673418 0.501007 0.724398
0.667174 0.490750 0.718155
0.660930 0.480492 0.711911
0.654717 0.470250 0.705682
0.649366 0.460438 0.699885
0.644014 0.450627 0.694087
0.638662 0.440815 0.688289
0.633310 0.431003 0.682491
0.627958 0.421192 0.676694
0.622607 0.411380 0.670896
0.617255 0.401569 0.665098
0.611903 0.391757 0.659300
0.606228 0.382161 0.653395
0.599539 0.373241 0.647151
0.592849 0.364321 0.640907
0.586159 0.355402 0.634664
0.579469 0.346482 0.628420
0.572780 0.337562 0.622176
0.566090 0.328643 0.615932
0.559400 0.319723 0.609689
0.552710 0.310804 0.603445
0.543222 0.305483 0.600400
0.530288 0.304591 0.601292
0.517355 0.303699 0.602184
0.504421 0.302807 0.603076
0.491488 0.301915 0.603968
0.478554 0.301023 0.604860
0.465621 0.300131 0.605752
0.452687 0.299239 0.606644
0.439754 0.298347 0.607536
0.430911 0.301838 0.611934
0.424221 0.307636 0.618178
0.417532 0.313433 0.624421
0.410842 0.319231 0.630665
0.404152 0.325029 0.636909
0.397463 0.330827 0.643153
0.390773 0.336624 0.649396
0.384083 0.342422 0.655640
0.377393 0.348220 0.661884
0.372241 0.354787 0.668512
0.367336 0.361476 0.675202
0.362430 0.368166 0.681892
0.357524 0.374856 0.688581
0.352618 0.381546 0.695271
0.347712 0.388235 0.701961
0.342807 0.394925 0.708651
0.337901 0.401615 0.715340
0.333118 0.408366 0.721968
0.329996 0.415948 0.727766
0.326874 0.423529 0.733564
0.323752 0.431111 0.739362
0.320631 0.438693 0.745160
0.317509 0.446275 0.750957
0.314387 0.453856 0.756755
0.311265 0.461438 0.762553
0.308143 0.469020 0.768351
0.305759 0.476601 0.772672
0.305313 0.484183 0.773118
0.304867 0.491765 0.773564
0.304421 0.499346 0.774010
0.303975 0.506928 0.774456
0.303529 0.514510 0.774902
0.303083 0.522092 0.775348
0.302637 0.529673 0.775794
0.302191 0.537255 0.776240
0.302176 0.543760 0.774318
0.302622 0.549112 0.769858
0.303068 0.554464 0.765398
0.303514 0.559815 0.760938
0.303960 0.565167 0.756478
0.304406 0.570519 0.752018
0.304852 0.575871 0.747559
0.305298 0.581223 0.743099
0.305744 0.586574 0.738639
0.307728 0.590696 0.734487
0.310404 0.594264 0.730473
0.313080 0.597832 0.726459
0.315755 0.601399 0.722445
0.318431 0.604967 0.718431
0.321107 0.608535 0.714418
0.323783 0.612103 0.710404
0.326459 0.615671 0.706390
0.329135 0.619239 0.702376
0.331411 0.622407 0.697962
0.333641 0.625529 0.693502
0.335871 0.628651 0.689043
0.338101 0.631772 0.684583
0.340331 0.634894 0.680123
0.342561 0.638016 0.675663
0.344790 0.641138 0.671203
0.347020 0.644260 0.666744
0.349343 0.647336 0.662238
0.352464 0.650012 0.657332
0.355586 0.652687 0.652426
0.358708 0.655363 0.647520
0.361830 0.658039 0.642614
0.364952 0.660715 0.637709
0.368074 0.663391 0.632803
0.371196 0.666067 0.627897
0.374318 0.668743 0.622991
0.377716 0.671419 0.617670
0.381730 0.674095 0.611426
0.385744 0.676770 0.605183
0.389758 0.679446 0.598939
0.393772 0.682122 0.592695
0.397785 0.684798 0.586451
0.401799 0.687474 0.580208
0.405813 0.690150 0.573964
0.409827 0.692826 0.567720
0.414994 0.695502 0.560323
0.421238 0.698178 0.551849
0.427482 0.700854 0.543376
0.433725 0.703529 0.534902
0.439969 0.706205 0.526428
0.446213 0.708881 0.517955
0.452457 0.711557 0.509481
0.458700 0.714233 0.501007
0.464944 0.716909 0.492534
0.473449 0.719262 0.483414
0.482814 0.721492 0.474048
0.492180 0.723722 0.464683
0.501546 0.725952 0.455317
0.510911 0.728181 0.445952
0.520277 0.730411 0.436586
0.529642 0.732641 0.427220
0.539008 0.734871 0.417855
0.548374 0.737101 0.408489
0.559815 0.738085 0.399539
0.571411 0.738977 0.390619
0.583007 0.739869 0.381699
0.594602 0.740761 0.372780
0.606198 0.741653 0.363860
0.617793 0.742545 0.354940
0.629389 0.743437 0.346021
0.640984 0.744329 0.337101
0.652457 0.744975 0.328674
0.663160 0.744083 0.323322
0.673864 0.743191 0.317970
0.684567 0.742299 0.312618
0.695271 0.741407 0.307266
0.705975 0.740515 0.301915
0.716678 0.739623 0.296563
0.727382 0.738731 0.291211
0.738085 0.737839 0.285859
0.748020 0.736178 0.281276
0.756494 0.733057 0.278155
0.764967 0.729935 0.275033
0.773441 0.726813 0.271911
0.781915 0.723691 0.268789
0.790388 0.720569 0.265667
0.798862 0.717447 0.262545
0.807336 0.714325 0.259423
0.815809 0.711203 0.256301
0.822561 0.707097 0.253672
0.827912 0.702191 0.251442
0.833264 0.697286 0.249212
0.838616 0.692380 0.246982
0.843968 0.687474 0.244752
0.849319 0.682568 0.242522
0.854671 0.677662 0.240292
0.860023 0.672757 0.238062
0.865375 0.667851 0.235832
0.869035 0.661930 0.234279
0.872157 0.655686 0.232941
0.875279 0.649443 0.231603
0.878401 0.643199 0.230265
0.881522 0.636955 0.228927
0.884644 0.630711 0.227589
0.887766 0.624468 0.226251
0.890888 0.618224 0.224913
0.894010 0.611980 0.223576
0.895409 0.604875 0.221807
0.896747 0.597739 0.220023
0.898085 0.590604 0.218239
0.899423 0.583468 0.216455
0.900761 0.576332 0.214671
0.902099 0.569196 0.212887
0.903437 0.562061 0.211103
0.904775 0.554925 0.209319
0.905805 0.547559 0.207612
0.905359 0.539085 0.206275
0.904913 0.530611 0.204937
0.904468 0.522138 0.203599
0.904022 0.513664 0.202261
0.903576 0.505190 0.200923
0.903130 0.496717 0.199585
0.902684 0.488243 0.198247
0.902238 0.479769 0.196909
0.901622 0.470788 0.195233
0.900730 0.460977 0.193003
0.899839 0.451165 0.190773
0.898947 0.441353 0.188543
0.898055 0.431542 0.186313
0.897163 0.421730 0.184083
0.896271 0.411918 0.181853
0.895379 0.402107 0.179623
0.894487 0.392295 0.177393
0.892810 0.381176 0.175163
0.890581 0.369135 0.172933
0.888351 0.357093 0.170704
0.886121 0.345052 0.168474
0.883891 0.333010 0.166244
0.881661 0.320969 0.164014
0.879431 0.308927 0.161784
0.877201 0.296886 0.159554
0.874971 0.284844 0.157324
0.872741 0.268912 0.154740
0.870511 0.251965 0.152065
0.868281 0.235017 0.149389
0.866052 0.218070 0.146713
0.863822 0.201123 0.144037
0.861592 0.184175 0.141361
0.859362 0.167228 0.138685
0.857132 0.150281 0.136009
0.854902 0.133333 0.133333
