0.435294 0.298039 0.607843
0.430450 0.302238 0.612364
0.425606 0.306436 0.616886
0.420761 0.310634 0.621407
0.415917 0.314833 0.625928
0.411073 0.319031 0.630450
0.406228 0.323230 0.634971
0.401384 0.327428 0.639493
0.396540 0.331626 0.644014
0.391696 0.335825 0.648535
0.386851 0.340023 0.653057
0.382007 0.344221 0.657578
0.377163 0.348420 0.662099
0.373426 0.353172 0.666897
0.369873 0.358016 0.671742
0.366321 0.362860 0.676586
0.362768 0.367705 0.681430
0.359216 0.372549 0.686275
0.355663 0.377393 0.691119
0.352111 0.382238 0.695963
0.348558 0.387082 0.700807
0.345006 0.391926 0.705652
0.341453 0.396770 0.710496
0.337901 0.401615 0.715340
0.334348 0.406459 0.720185
0.331719 0.411765 0.724567
0.329458 0.417255 0.728766
0.327197 0.422745 0.732964
0.324937 0.428235 0.737163
0.322676 0.433725 0.741361
0.320415 0.439216 0.745559
0.318155 0.444706 0.749758
0.315894 0.450196 0.753956
0.313633 0.455686 0.758155
0.311373 0.461176 0.762353
0.309112 0.466667 0.766551
0.306851 0.472157 0.770750
0.305698 0.477647 0.772734
0.305375 0.483137 0.773057
0.305052 0.488627 0.773379
0.304729 0.494118 0.773702
0.304406 0.499608 0.774025
0.304083 0.505098 0.774348
0.303760 0.510588 0.774671
0.303437 0.516078 0.774994
0.303114 0.521569 0.775317
0.302791 0.527059 0.775640
0.302468 0.532549 0.775963
0.302145 0.538039 0.776286
0.302099 0.542837 0.775087
0.302422 0.546713 0.771857
0.302745 0.550588 0.768627
0.303068 0.554464 0.765398
0.303391 0.558339 0.762168
0.303714 0.562215 0.758939
0.304037 0.566090 0.755709
0.304360 0.569965 0.752480
0.304683 0.573841 0.749250
0.305006 0.577716 0.746021
0.305329 0.581592 0.742791
0.305652 0.585467 0.739562
0.306436 0.588973 0.736424
0.308374 0.591557 0.733518
0.310311 0.594141 0.730611
0.312249 0.596724 0.727705
0.314187 0.599308 0.724798
0.316125 0.601892 0.721892
0.318062 0.604475 0.718985
0.320000 0.607059 0.716078
0.321938 0.609642 0.713172
0.323875 0.612226 0.710265
0.325813 0.614810 0.707359
0.327751 0.617393 0.704452
0.329642 0.619931 0.701499
0.331257 0.622191 0.698270
0.332872 0.624452 0.695040
0.334487 0.626713 0.691811
0.336101 0.628973 0.688581
0.337716 0.631234 0.685352
0.339331 0.633495 0.682122
0.340946 0.635755 0.678893
0.342561 0.638016 0.675663
0.344175 0.640277 0.672434
0.345790 0.642537 0.669204
0.347405 0.644798 0.665975
0.349020 0.647059 0.662745
0.351280 0.648997 0.659193
0.353541 0.650934 0.655640
0.355802 0.652872 0.652088
0.358062 0.654810 0.648535
0.360323 0.656747 0.644983
0.362584 0.658685 0.641430
0.364844 0.660623 0.637878
0.367105 0.662561 0.634325
0.369366 0.664498 0.630773
0.371626 0.666436 0.627220
0.373887 0.668374 0.623668
0.376148 0.670311 0.620115
0.378962 0.672249 0.615732
0.381869 0.674187 0.611211
0.384775 0.676125 0.606690
0.387682 0.678062 0.602168
0.390588 0.680000 0.597647
0.393495 0.681938 0.593126
0.396401 0.683875 0.588604
0.399308 0.685813 0.584083
0.402215 0.687751 0.579562
0.405121 0.689689 0.575040
0.408028 0.691626 0.570519
0.410934 0.693564 0.565998
0.414994 0.695502 0.560323
0.419516 0.697439 0.554187
0.424037 0.699377 0.548051
0.428558 0.701315 0.541915
0.433080 0.703253 0.535779
0.437601 0.705190 0.529642
0.442122 0.707128 0.523506
0.446644 0.709066 0.517370
0.451165 0.711003 0.511234
0.455686 0.712941 0.505098
0.460208 0.714879 0.498962
0.464729 0.716817 0.492826
0.470542 0.718570 0.486321
0.477324 0.720185 0.479539
0.484106 0.721799 0.472757
0.490888 0.723414 0.465975
0.497670 0.725029 0.459193
0.504452 0.726644 0.452411
0.511234 0.728258 0.445629
0.518016 0.729873 0.438847
0.524798 0.731488 0.432065
0.531580 0.733103 0.425283
0.538362 0.734717 0.418501
0.545144 0.736332 0.411719
0.552618 0.737532 0.405075
0.561015 0.738178 0.398616
0.569412 0.738824 0.392157
0.577809 0.739469 0.385698
0.586205 0.740115 0.379239
0.594602 0.740761 0.372780
0.602999 0.741407 0.366321
0.611396 0.742053 0.359862
0.619792 0.742699 0.353403
0.628189 0.743345 0.346943
0.636586 0.743991 0.340484
0.644983 0.744637 0.334025
0.653195 0.744913 0.328304
0.660946 0.744268 0.324429
0.668697 0.743622 0.320554
0.676448 0.742976 0.316678
0.684198 0.742330 0.312803
0.691949 0.741684 0.308927
0.699700 0.741038 0.305052
0.707451 0.740392 0.301176
0.715202 0.739746 0.297301
0.722953 0.739100 0.293426
0.730704 0.738454 0.289550
0.738454 0.737809 0.285675
0.745975 0.736932 0.282030
0.752111 0.734671 0.279769
0.758247 0.732411 0.277509
0.764383 0.730150 0.275248
0.770519 0.727889 0.272987
0.776655 0.725629 0.270727
0.782791 0.723368 0.268466
0.788927 0.721107 0.266205
0.795063 0.718847 0.263945
0.801200 0.716586 0.261684
0.807336 0.714325 0.259423
0.813472 0.712065 0.257163
0.819608 0.709804 0.254902
0.823483 0.706251 0.253287
0.827359 0.702699 0.251672
0.831234 0.699146 0.250058
0.835110 0.695594 0.248443
0.838985 0.692042 0.246828
0.842860 0.688489 0.245213
0.846736 0.684937 0.243599
0.850611 0.681384 0.241984
0.854487 0.677832 0.240369
0.858362 0.674279 0.238754
0.862238 0.670727 0.237140
0.866113 0.667174 0.235525
0.868604 0.662791 0.234464
0.870865 0.658270 0.233495
0.873126 0.653749 0.232526
0.875386 0.649227 0.231557
0.877647 0.644706 0.230588
0.879908 0.640185 0.229619
0.882168 0.635663 0.228651
0.884429 0.631142 0.227682
0.886690 0.626621 0.226713
0.888950 0.622099 0.225744
0.891211 0.617578 0.224775
0.893472 0.613057 0.223806
0.894810 0.608074 0.222607
0.895779 0.602907 0.221315
0.896747 0.597739 0.220023
0.897716 0.592572 0.218731
0.898685 0.587405 0.217439
0.899654 0.582238 0.216148
0.900623 0.577070 0.214856
0.901592 0.571903 0.213564
0.902561 0.566736 0.212272
0.903529 0.561569 0.210980
0.904498 0.556401 0.209689
0.905467 0.551234 0.208397
0.905698 0.545513 0.207290
0.905375 0.539377 0.206321
0.905052 0.533241 0.205352
0.904729 0.527105 0.204383
0.904406 0.520969 0.203414
0.904083 0.514833 0.202445
0.903760 0.508697 0.201476
0.903437 0.502561 0.200507
0.903114 0.496424 0.199539
0.902791 0.490288 0.198570
0.902468 0.484152 0.197601
0.902145 0.478016 0.196632
0.901684 0.471465 0.195386
0.901038 0.464360 0.193772
0.900392 0.457255 0.192157
0.899746 0.450150 0.190542
0.899100 0.443045 0.188927
0.898454 0.435940 0.187313
0.897809 0.428835 0.185698
0.897163 0.421730 0.184083
0.896517 0.414625 0.182468
0.895871 0.407520 0.180854
0.895225 0.400415 0.179239
0.894579 0.393310 0.177624
0.893656 0.385744 0.176009
0.892042 0.377024 0.174394
0.890427 0.368304 0.172780
0.888812 0.359585 0.171165
0.887197 0.350865 0.169550
0.885582 0.342145 0.167935
0.883968 0.333426 0.166321
0.882353 0.324706 0.164706
0.880738 0.315986 0.163091
0.879123 0.307266 0.161476
0.877509 0.298547 0.159862
0.875894 0.289827 0.158247
0.874279 0.280600 0.156586
0.872664 0.268328 0.154648
0.871050 0.256055 0.152710
0.869435 0.243783 0.150773
0.867820 0.231511 0.148835
0.866205 0.219239 0.146897
0.864591 0.206967 0.144960
0.862976 0.194694 0.143022
0.861361 0.182422 0.141084
0.859746 0.170150 0.139146
0.858131 0.157878 0.137209
0.856517 0.145606 0.135271
0.854902 0.133333 0.133333
