0.909804 0.925490 0.984314
0.904221 0.915340 0.978224
0.898639 0.905190 0.972134
0.893057 0.895040 0.966044
0.887474 0.884890 0.959954
0.881892 0.874740 0.953864
0.876309 0.864591 0.947774
0.870727 0.854441 0.941684
0.865006 0.843875 0.935317
0.858916 0.832203 0.928212
0.852826 0.820531 0.921107
0.846736 0.808858 0.914002
0.840646 0.797186 0.906897
0.834556 0.785513 0.899792
0.828466 0.773841 0.892687
0.822376 0.762168 0.885582
0.815732 0.749942 0.877924
0.808627 0.737255 0.869804
0.801522 0.724567 0.861684
0.794418 0.711880 0.853564
0.787313 0.699193 0.845444
0.780208 0.686505 0.837324
0.773103 0.673818 0.829204
0.765998 0.661130 0.821084
0.758893 0.648443 0.813379
0.751788 0.635755 0.805767
0.744683 0.623068 0.798155
0.737578 0.610381 0.790542
0.730473 0.597693 0.782930
0.723368 0.585006 0.775317
0.716263 0.572318 0.767705
0.709158 0.559723 0.760138
0.702053 0.548051 0.753033
0.694948 0.536378 0.745928
0.687843 0.524706 0.738824
0.680738 0.513033 0.731719
0.673633 0.501361 0.724614
0.666528 0.489689 0.717509
0.659423 0.478016 0.710404
0.652687 0.466528 0.703483
0.646597 0.455363 0.696886
0.640507 0.444198 0.690288
0.634418 0.433033 0.683691
0.628328 0.421869 0.677093
0.622238 0.410704 0.670496
0.616148 0.399539 0.663899
0.610058 0.388374 0.657301
0.602999 0.377855 0.650381
0.595386 0.367705 0.643276
0.587774 0.357555 0.636171
0.580161 0.347405 0.629066
0.572549 0.337255 0.621961
0.564937 0.327105 0.614856
0.557324 0.316955 0.607751
0.549712 0.306805 0.600646
0.535640 0.304960 0.600923
0.520923 0.303945 0.601938
0.506205 0.302930 0.602953
0.491488 0.301915 0.603968
0.476770 0.300900 0.604983
0.462053 0.299885 0.605998
0.447336 0.298870 0.607013
0.433910 0.299239 0.609135
0.426298 0.305836 0.616240
0.418685 0.312434 0.623345
0.411073 0.319031 0.630450
0.403460 0.325629 0.637555
0.395848 0.332226 0.644660
0.388235 0.338824 0.651765
0.380623 0.345421 0.658870
0.373933 0.352480 0.666205
0.368351 0.360092 0.673818
0.362768 0.367705 0.681430
0.357186 0.375317 0.689043
0.351603 0.382930 0.696655
0.346021 0.390542 0.704268
0.340438 0.398155 0.711880
0.334856 0.405767 0.719493
0.330750 0.414118 0.726367
0.327197 0.422745 0.732964
0.323645 0.431373 0.739562
0.320092 0.440000 0.746159
0.316540 0.448627 0.752757
0.312987 0.457255 0.759354
0.309435 0.465882 0.765952
0.305882 0.474510 0.772549
0.305375 0.483137 0.773057
0.304867 0.491765 0.773564
0.304360 0.500392 0.774072
0.303852 0.509020 0.774579
0.303345 0.517647 0.775087
0.302837 0.526275 0.775594
0.302330 0.534902 0.776101
0.302099 0.542837 0.775087
0.302607 0.548927 0.770012
0.303114 0.555017 0.764937
0.303622 0.561107 0.759862
0.304129 0.567197 0.754787
0.304637 0.573287 0.749712
0.305144 0.579377 0.744637
0.305652 0.585467 0.739562
0.307543 0.590450 0.734764
0.310588 0.594510 0.730196
0.313633 0.598570 0.725629
0.316678 0.602630 0.721061
0.319723 0.606690 0.716494
0.322768 0.610750 0.711926
0.325813 0.614810 0.707359
0.328858 0.618870 0.702791
0.331488 0.622514 0.697809
0.334025 0.626067 0.692734
0.336563 0.629619 0.687659
0.339100 0.633172 0.682584
0.341638 0.636724 0.677509
0.344175 0.640277 0.672434
0.346713 0.643829 0.667359
0.349343 0.647336 0.662238
0.352895 0.650381 0.656655
0.356448 0.653426 0.651073
0.360000 0.656471 0.645490
0.363552 0.659516 0.639908
0.367105 0.662561 0.634325
0.370657 0.665606 0.628743
0.374210 0.668651 0.623160
0.378131 0.671696 0.617024
0.382699 0.674740 0.609919
0.387266 0.677785 0.602814
0.391834 0.680830 0.595709
0.396401 0.683875 0.588604
0.400969 0.686920 0.581499
0.405536 0.689965 0.574394
0.410104 0.693010 0.567290
0.416286 0.696055 0.558570
0.423391 0.699100 0.548927
0.430496 0.702145 0.539285
0.437601 0.705190 0.529642
0.444706 0.708235 0.520000
0.451811 0.711280 0.510358
0.458916 0.714325 0.500715
0.466021 0.717370 0.491073
0.476355 0.719954 0.480507
0.487013 0.722491 0.469850
0.497670 0.725029 0.459193
0.508328 0.727566 0.448535
0.518985 0.730104 0.437878
0.529642 0.732641 0.427220
0.540300 0.735179 0.416563
0.551419 0.737439 0.405998
0.564614 0.738454 0.395848
0.577809 0.739469 0.385698
0.591003 0.740484 0.375548
0.604198 0.741499 0.365398
0.617393 0.742514 0.355248
0.630588 0.743529 0.345098
0.643783 0.744544 0.334948
0.656517 0.744637 0.326644
0.668697 0.743622 0.320554
0.680877 0.742607 0.314464
0.693057 0.741592 0.308374
0.705236 0.740577 0.302284
0.717416 0.739562 0.296194
0.729596 0.738547 0.290104
0.741776 0.737532 0.284014
0.752111 0.734671 0.279769
0.761753 0.731119 0.276217
0.771396 0.727566 0.272664
0.781038 0.724014 0.269112
0.790681 0.720461 0.265559
0.800323 0.716909 0.262007
0.809965 0.713356 0.258454
0.819608 0.709804 0.254902
0.825698 0.704221 0.252364
0.831788 0.698639 0.249827
0.837878 0.693057 0.247290
0.843968 0.687474 0.244752
0.850058 0.681892 0.242215
0.856148 0.676309 0.239677
0.862238 0.670727 0.237140
0.867636 0.664729 0.234879
0.871188 0.657624 0.233356
0.874740 0.650519 0.231834
0.878293 0.643414 0.230311
0.881845 0.636309 0.228789
0.885398 0.629204 0.227266
0.888950 0.622099 0.225744
0.892503 0.614994 0.224221
0.894948 0.607336 0.222422
0.896471 0.599216 0.220392
0.897993 0.591096 0.218362
0.899516 0.582976 0.216332
0.901038 0.574856 0.214302
0.902561 0.566736 0.212272
0.904083 0.558616 0.210242
0.905606 0.550496 0.208212
0.905467 0.541130 0.206597
0.904960 0.531488 0.205075
0.904452 0.521845 0.203552
0.903945 0.512203 0.202030
0.903437 0.502561 0.200507
0.902930 0.492918 0.198985
0.902422 0.483276 0.197463
0.901869 0.473495 0.195848
0.900854 0.462330 0.193310
0.899839 0.451165 0.190773
0.898824 0.440000 0.188235
0.897809 0.428835 0.185698
0.896794 0.417670 0.183160
0.895779 0.406505 0.180623
0.894764 0.395340 0.178085
0.893195 0.383253 0.175548
0.890657 0.369550 0.173010
0.888120 0.355848 0.170473
0.885582 0.342145 0.167935
0.883045 0.328443 0.165398
0.880507 0.314740 0.162860
0.877970 0.301038 0.160323
0.875433 0.287336 0.157785
0.872895 0.270081 0.154925
0.870358 0.250796 0.151880
0.867820 0.231511 0.148835
0.865283 0.212226 0.145790
0.862745 0.192941 0.142745
0.860208 0.173656 0.139700
0.857670 0.154371 0.136655
0.855133 0.135087 0.133610
0.839216 0.133333 0.131488
0.821961 0.133333 0.129458
0.804706 0.133333 0.127428
0.787451 0.133333 0.125398
0.770196 0.133333 0.123368
0.752941 0.133333 0.121338
0.735686 0.133333 0.119308
0.718339 0.133241 0.117370
0.700577 0.132734 0.115848
0.682814 0.132226 0.114325
0.665052 0.131719 0.112803
0.647290 0.131211 0.111280
0.629527 0.130704 0.109758
0.611765 0.130196 0.108235
0.594002 0.129689 0.106713
0.576240 0.128720 0.104960
0.558478 0.127197 0.102930
0.540715 0.125675 0.100900
0.522953 0.124152 0.098870
0.505190 0.122630 0.096840
0.487428 0.121107 0.094810
0.469666 0.119585 0.092780
0.451903 0.118062 0.090750
0.435248 0.116171 0.088720
0.419008 0.114141 0.086690
0.402768 0.112111 0.084660
0.386528 0.110081 0.082630
0.370288 0.108051 0.080600
0.354048 0.106021 0.078570
0.337809 0.103991 0.076540
0.321569 0.101961 0.074510
