0.211765 0.294118 0.603922
0.214840 0.301499 0.608381
0.217916 0.308881 0.612841
0.220992 0.316263 0.617301
0.224068 0.323645 0.621761
0.227143 0.331027 0.626221
0.230219 0.338408 0.630681
0.233295 0.345790 0.635140
0.236371 0.353172 0.639600
0.239446 0.360554 0.644060
0.242522 0.367935 0.648520
0.245598 0.375317 0.652980
0.248674 0.382699 0.657439
0.251749 0.390081 0.661899
0.254825 0.397463 0.666359
0.257901 0.404844 0.670819
0.260977 0.412226 0.675279
0.264052 0.419608 0.679739
0.267128 0.426990 0.684198
0.270204 0.434371 0.688658
0.273280 0.441753 0.693118
0.276355 0.449135 0.697578
0.279431 0.456517 0.702038
0.282507 0.463899 0.706498
0.285582 0.471280 0.710957
0.288658 0.478662 0.715417
0.292964 0.485659 0.719339
0.298501 0.492272 0.722722
0.304037 0.498885 0.726105
0.309573 0.505498 0.729489
0.315110 0.512111 0.732872
0.320646 0.518724 0.736255
0.326182 0.525336 0.739639
0.331719 0.531949 0.743022
0.337255 0.538562 0.746405
0.342791 0.545175 0.749789
0.348328 0.551788 0.753172
0.353864 0.558401 0.756555
0.359400 0.565013 0.759938
0.364937 0.571626 0.763322
0.370473 0.578239 0.766705
0.376009 0.584852 0.770088
0.381546 0.591465 0.773472
0.387082 0.598078 0.776855
0.392618 0.604691 0.780238
0.398155 0.611303 0.783622
0.403691 0.617916 0.787005
0.409227 0.624529 0.790388
0.414764 0.631142 0.793772
0.420300 0.637755 0.797155
0.425836 0.644368 0.800538
0.431373 0.650980 0.803922
0.437832 0.656517 0.806997
0.444291 0.662053 0.810073
0.450750 0.667589 0.813149
0.457209 0.673126 0.816225
0.463668 0.678662 0.819300
0.470127 0.684198 0.822376
0.476586 0.689735 0.825452
0.483045 0.695271 0.828527
0.489504 0.700807 0.831603
0.495963 0.706344 0.834679
0.502422 0.711880 0.837755
0.508881 0.717416 0.840830
0.515340 0.722953 0.843906
0.521799 0.728489 0.846982
0.528258 0.734025 0.850058
0.534717 0.739562 0.853133
0.541176 0.745098 0.856209
0.547636 0.750634 0.859285
0.554095 0.756171 0.862361
0.560554 0.761707 0.865436
0.567013 0.767243 0.868512
0.573472 0.772780 0.871588
0.579931 0.778316 0.874664
0.586390 0.783852 0.877739
0.592849 0.789389 0.880815
0.599308 0.794156 0.883429
0.605767 0.798155 0.885582
0.612226 0.802153 0.887735
0.618685 0.806151 0.889889
0.625144 0.810150 0.892042
0.631603 0.814148 0.894195
0.638062 0.818147 0.896348
0.644521 0.822145 0.898501
0.650980 0.826144 0.900654
0.657439 0.830142 0.902807
0.663899 0.834141 0.904960
0.670358 0.838139 0.907113
0.676817 0.842138 0.909266
0.683276 0.846136 0.911419
0.689735 0.850135 0.913572
0.696194 0.854133 0.915725
0.702653 0.858131 0.917878
0.709112 0.862130 0.920031
0.715571 0.866128 0.922184
0.722030 0.870127 0.924337
0.728489 0.874125 0.926490
0.734948 0.878124 0.928643
0.741407 0.882122 0.930796
0.747866 0.886121 0.932949
0.754325 0.890119 0.935102
0.760784 0.894118 0.937255
0.766936 0.895348 0.931872
0.773087 0.896578 0.926490
0.779239 0.897809 0.921107
0.785390 0.899039 0.915725
0.791542 0.900269 0.910342
0.797693 0.901499 0.904960
0.803845 0.902730 0.899577
0.809996 0.903960 0.894195
0.816148 0.905190 0.888812
0.822299 0.906421 0.883429
0.828451 0.907651 0.878047
0.834602 0.908881 0.872664
0.840754 0.910111 0.867282
0.846905 0.911342 0.861899
0.853057 0.912572 0.856517
0.859208 0.913802 0.851134
0.865359 0.915033 0.845752
0.871511 0.916263 0.840369
0.877662 0.917493 0.834987
0.883814 0.918724 0.829604
0.889965 0.919954 0.824221
0.896117 0.921184 0.818839
0.902268 0.922414 0.813456
0.908420 0.923645 0.808074
0.914571 0.924875 0.802691
0.919185 0.924106 0.795002
0.922261 0.921338 0.785006
0.925336 0.918570 0.775010
0.928412 0.915802 0.765013
0.931488 0.913033 0.755017
0.934564 0.910265 0.745021
0.937639 0.907497 0.735025
0.940715 0.904729 0.725029
0.943791 0.901961 0.715033
0.946867 0.899193 0.705037
0.949942 0.896424 0.695040
0.953018 0.893656 0.685044
0.956094 0.890888 0.675048
0.959170 0.888120 0.665052
0.962245 0.885352 0.655056
0.965321 0.882584 0.645060
0.968397 0.879815 0.635063
0.971473 0.877047 0.625067
0.974548 0.874279 0.615071
0.977624 0.871511 0.605075
0.980700 0.868743 0.595079
0.983775 0.865975 0.585083
0.986851 0.863206 0.575087
0.989927 0.860438 0.565090
0.993003 0.857670 0.555094
0.996078 0.854902 0.545098
0.995925 0.848904 0.539408
0.995771 0.842907 0.533718
0.995617 0.836909 0.528028
0.995463 0.830911 0.522338
0.995309 0.824913 0.516647
0.995156 0.818916 0.510957
0.995002 0.812918 0.505267
0.994848 0.806920 0.499577
0.994694 0.800923 0.493887
0.994541 0.794925 0.488197
0.994387 0.788927 0.482507
0.994233 0.782930 0.476817
0.994079 0.776932 0.471126
0.993925 0.770934 0.465436
0.993772 0.764937 0.459746
0.993618 0.758939 0.454056
0.993464 0.752941 0.448366
0.993310 0.746943 0.442676
0.993156 0.740946 0.436986
0.993003 0.734948 0.431296
0.992849 0.728950 0.425606
0.992695 0.722953 0.419915
0.992541 0.716955 0.414225
0.992388 0.710957 0.408535
0.992234 0.704960 0.402845
0.991619 0.697885 0.397924
0.990542 0.689735 0.393772
0.989466 0.681584 0.389619
0.988389 0.673433 0.385467
0.987313 0.665283 0.381315
0.986236 0.657132 0.377163
0.985160 0.648981 0.373010
0.984083 0.640830 0.368858
0.983007 0.632680 0.364706
0.981930 0.624529 0.360554
0.980854 0.616378 0.356401
0.979777 0.608228 0.352249
0.978700 0.600077 0.348097
0.977624 0.591926 0.343945
0.976547 0.583775 0.339792
0.975471 0.575625 0.335640
0.974394 0.567474 0.331488
0.973318 0.559323 0.327336
0.972241 0.551173 0.323183
0.971165 0.543022 0.319031
0.970088 0.534871 0.314879
0.969012 0.526720 0.310727
0.967935 0.518570 0.306574
0.966859 0.510419 0.302422
0.965782 0.502268 0.298270
0.964706 0.494118 0.294118
0.960861 0.484121 0.289504
0.957017 0.474125 0.284890
0.953172 0.464129 0.280277
0.949327 0.454133 0.275663
0.945483 0.444137 0.271050
0.941638 0.434141 0.266436
0.937793 0.424145 0.261822
0.933948 0.414148 0.257209
0.930104 0.404152 0.252595
0.926259 0.394156 0.247982
0.922414 0.384160 0.243368
0.918570 0.374164 0.238754
0.914725 0.364168 0.234141
0.910880 0.354171 0.229527
0.907036 0.344175 0.224913
0.903191 0.334179 0.220300
0.899346 0.324183 0.215686
0.895502 0.314187 0.211073
0.891657 0.304191 0.206459
0.887812 0.294195 0.201845
0.883968 0.284198 0.197232
0.880123 0.274202 0.192618
0.876278 0.264206 0.188005
0.872434 0.254210 0.183391
0.868589 0.244214 0.178777
0.862361 0.234525 0.175932
0.853749 0.225144 0.174856
0.845136 0.215763 0.173779
0.836524 0.206382 0.172703
0.827912 0.197001 0.171626
0.819300 0.187620 0.170550
0.810688 0.178239 0.169473
0.802076 0.168858 0.168397
0.793464 0.159477 0.167320
0.784852 0.150096 0.166244
0.776240 0.140715 0.165167
0.767628 0.131334 0.164091
0.759016 0.121953 0.163014
0.750404 0.112572 0.161938
0.741792 0.103191 0.160861
0.733180 0.093810 0.159785
0.724567 0.084429 0.158708
0.715955 0.075048 0.157632
0.707343 0.065667 0.156555
0.698731 0.056286 0.155479
0.690119 0.046905 0.154402
0.681507 0.037524 0.153326
0.672895 0.028143 0.152249
0.664283 0.018762 0.151173
0.655671 0.009381 0.150096
0.647059 0.000000 0.149020
