1.000000 1.000000 0.898039
1.000000 0.999016 0.892995
1.000000 0.998032 0.887951
1.000000 0.997047 0.882907
1.000000 0.996063 0.877862
1.000000 0.995079 0.872818
1.000000 0.994095 0.867774
1.000000 0.993110 0.862730
1.000000 0.992126 0.857686
1.000000 0.991142 0.852641
1.000000 0.990158 0.847597
1.000000 0.989173 0.842553
1.000000 0.988189 0.837509
1.000000 0.987205 0.832464
1.000000 0.986221 0.827420
1.000000 0.985236 0.822376
1.000000 0.984252 0.817332
1.000000 0.983268 0.812288
1.000000 0.982284 0.807243
1.000000 0.981300 0.802199
1.000000 0.980315 0.797155
1.000000 0.979331 0.792111
1.000000 0.978347 0.787067
1.000000 0.977363 0.782022
1.000000 0.976378 0.776978
1.000000 0.975394 0.771934
1.000000 0.974410 0.766890
1.000000 0.973426 0.761845
1.000000 0.972441 0.756801
1.000000 0.971457 0.751757
1.000000 0.970473 0.746713
1.000000 0.969489 0.741669
0.999985 0.968320 0.736594
0.999862 0.965859 0.731303
0.999739 0.963399 0.726013
0.999616 0.960938 0.720723
0.999493 0.958478 0.715433
0.999369 0.956017 0.710142
0.999246 0.953556 0.704852
0.999123 0.951096 0.699562
0.999000 0.948635 0.694271
0.998877 0.946175 0.688981
0.998754 0.943714 0.683691
0.998631 0.941253 0.678401
0.998508 0.938793 0.673110
0.998385 0.936332 0.667820
0.998262 0.933872 0.662530
0.998139 0.931411 0.657240
0.998016 0.928950 0.651949
0.997893 0.926490 0.646659
0.997770 0.924029 0.641369
0.997647 0.921569 0.636078
0.997524 0.919108 0.630788
0.997401 0.916647 0.625498
0.997278 0.914187 0.620208
0.997155 0.911726 0.614917
0.997032 0.909266 0.609627
0.996909 0.906805 0.604337
0.996786 0.904344 0.599047
0.996663 0.901884 0.593756
0.996540 0.899423 0.588466
0.996417 0.896963 0.583176
0.996294 0.894502 0.577885
0.996171 0.892042 0.572595
0.996078 0.889243 0.566597
0.996078 0.885429 0.558478
0.996078 0.881615 0.550358
0.996078 0.877801 0.542238
0.996078 0.873987 0.534118
0.996078 0.870173 0.525998
0.996078 0.866359 0.517878
0.996078 0.862545 0.509758
0.996078 0.858731 0.501638
0.996078 0.854917 0.493518
0.996078 0.851103 0.485398
0.996078 0.847290 0.477278
0.996078 0.843476 0.469158
0.996078 0.839662 0.461038
0.996078 0.835848 0.452918
0.996078 0.832034 0.444798
0.996078 0.828220 0.436678
0.996078 0.824406 0.428558
0.996078 0.820592 0.420438
0.996078 0.816778 0.412318
0.996078 0.812964 0.404198
0.996078 0.809150 0.396078
0.996078 0.805336 0.387958
0.996078 0.801522 0.379839
0.996078 0.797709 0.371719
0.996078 0.793895 0.363599
0.996078 0.790081 0.355479
0.996078 0.786267 0.347359
0.996078 0.782453 0.339239
0.996078 0.778639 0.331119
0.996078 0.774825 0.322999
0.996078 0.771011 0.314879
0.995940 0.766690 0.308051
0.995571 0.761522 0.303376
0.995202 0.756355 0.298700
0.994833 0.751188 0.294025
0.994464 0.746021 0.289350
0.994095 0.740854 0.284675
0.993725 0.735686 0.280000
0.993356 0.730519 0.275325
0.992987 0.725352 0.270650
0.992618 0.720185 0.265975
0.992249 0.715017 0.261300
0.991880 0.709850 0.256624
0.991511 0.704683 0.251949
0.991142 0.699516 0.247274
0.990773 0.694348 0.242599
0.990404 0.689181 0.237924
0.990035 0.684014 0.233249
0.989666 0.678847 0.228574
0.989296 0.673679 0.223899
0.988927 0.668512 0.219223
0.988558 0.663345 0.214548
0.988189 0.658178 0.209873
0.987820 0.653010 0.205198
0.987451 0.647843 0.200523
0.987082 0.642676 0.195848
0.986713 0.637509 0.191173
0.986344 0.632341 0.186498
0.985975 0.627174 0.181822
0.985606 0.622007 0.177147
0.985236 0.616840 0.172472
0.984867 0.611672 0.167797
0.984498 0.606505 0.163122
0.983391 0.601338 0.159493
0.981546 0.596171 0.156909
0.979700 0.591003 0.154325
0.977855 0.585836 0.151742
0.976009 0.580669 0.149158
0.974164 0.575502 0.146574
0.972318 0.570334 0.143991
0.970473 0.565167 0.141407
0.968627 0.560000 0.138824
0.966782 0.554833 0.136240
0.964937 0.549666 0.133656
0.963091 0.544498 0.131073
0.961246 0.539331 0.128489
0.959400 0.534164 0.125905
0.957555 0.528997 0.123322
0.955709 0.523829 0.120738
0.953864 0.518662 0.118155
0.952018 0.513495 0.115571
0.950173 0.508328 0.112987
0.948328 0.503160 0.110404
0.946482 0.497993 0.107820
0.944637 0.492826 0.105236
0.942791 0.487659 0.102653
0.940946 0.482491 0.100069
0.939100 0.477324 0.097486
0.937255 0.472157 0.094902
0.935409 0.466990 0.092318
0.933564 0.461822 0.089735
0.931719 0.456655 0.087151
0.929873 0.451488 0.084567
0.928028 0.446321 0.081984
0.926182 0.441153 0.079400
0.923030 0.436448 0.077047
0.919093 0.432018 0.074833
0.915156 0.427589 0.072618
0.911219 0.423160 0.070404
0.907282 0.418731 0.068189
0.903345 0.414302 0.065975
0.899408 0.409873 0.063760
0.895471 0.405444 0.061546
0.891534 0.401015 0.059331
0.887597 0.396586 0.057116
0.883660 0.392157 0.054902
0.879723 0.387728 0.052687
0.875786 0.383299 0.050473
0.871849 0.378870 0.048258
0.867912 0.374441 0.046044
0.863975 0.370012 0.043829
0.860038 0.365582 0.041615
0.856101 0.361153 0.039400
0.852165 0.356724 0.037186
0.848228 0.352295 0.034971
0.844291 0.347866 0.032757
0.840354 0.343437 0.030542
0.836417 0.339008 0.028328
0.832480 0.334579 0.026113
0.828543 0.330150 0.023899
0.824606 0.325721 0.021684
0.820669 0.321292 0.019469
0.816732 0.316863 0.017255
0.812795 0.312434 0.015040
0.808858 0.308005 0.012826
0.804921 0.303576 0.010611
0.800984 0.299146 0.008397
0.795294 0.295825 0.008028
0.789020 0.292872 0.008274
0.782745 0.289919 0.008520
0.776471 0.286967 0.008766
0.770196 0.284014 0.009012
0.763922 0.281061 0.009258
0.757647 0.278108 0.009504
0.751373 0.275156 0.009750
0.745098 0.272203 0.009996
0.738824 0.269250 0.010242
0.732549 0.266298 0.010488
0.726275 0.263345 0.010734
0.720000 0.260392 0.010980
0.713725 0.257439 0.011226
0.707451 0.254487 0.011473
0.701176 0.251534 0.011719
0.694902 0.248581 0.011965
0.688627 0.245629 0.012211
0.682353 0.242676 0.012457
0.676078 0.239723 0.012703
0.669804 0.236770 0.012949
0.663529 0.233818 0.013195
0.657255 0.230865 0.013441
0.650980 0.227912 0.013687
0.644706 0.224960 0.013933
0.638431 0.222007 0.014179
0.632157 0.219054 0.014425
0.625882 0.216101 0.014671
0.619608 0.213149 0.014917
0.613333 0.210196 0.015163
0.607059 0.207243 0.015409
0.600784 0.204291 0.015656
0.594510 0.202307 0.015902
0.588235 0.200461 0.016148
0.581961 0.198616 0.016394
0.575686 0.196770 0.016640
0.569412 0.194925 0.016886
0.563137 0.193080 0.017132
0.556863 0.191234 0.017378
0.550588 0.189389 0.017624
0.544314 0.187543 0.017870
0.538039 0.185698 0.018116
0.531765 0.183852 0.018362
0.525490 0.182007 0.018608
0.519216 0.180161 0.018854
0.512941 0.178316 0.019100
0.506667 0.176471 0.019346
0.500392 0.174625 0.019592
0.494118 0.172780 0.019839
0.487843 0.170934 0.020085
0.481569 0.169089 0.020331
0.475294 0.167243 0.020577
0.469020 0.165398 0.020823
0.462745 0.163552 0.021069
0.456471 0.161707 0.021315
0.450196 0.159862 0.021561
0.443922 0.158016 0.021807
0.437647 0.156171 0.022053
0.431373 0.154325 0.022299
0.425098 0.152480 0.022545
0.418824 0.150634 0.022791
0.412549 0.148789 0.023037
0.406275 0.146943 0.023283
0.400000 0.145098 0.023529
